nWC | f, sP, d, e |  f, sP, d, e | f, sP, d, e | alpha
0 1949 2.42527 1 0.275702 2963 0.996773 1 0.141864 500 0.563396 1 0.100021 0.571187
1 2503 0.444822 1 0.32929 2897 0.177077 -1 0.125032 2636 0.698569 1 0.158812 0.462737
2 2795 1.29815 1 0.350901 1460 2.6725 -1 0.207248 969 1.76789 1 0.0961742 0.415526
3 2213 4.49996 -1 0.380125 405 1.95717 1 0.143954 524 1.4724 -1 0.163481 0.40607
4 173 1.14992 1 0.381221 2493 0.873171 1 0.235203 384 1.43785 1 0.0919516 0.360542
5 405 2.10102 1 0.389559 2836 4.27514 -1 0.178688 1183 1.18716 1 0.158463 0.33801
6 788 5.56687 -1 0.390914 1513 2.03252 1 0.191009 2545 0.502162 -1 0.139422 0.353119
7 2697 1.86565 -1 0.397739 652 0.729189 1 0.158936 2705 0.412587 -1 0.18785 0.316599
8 1390 4.92744 -1 0.412164 430 0.112033 1 0.108438 652 1.2193 1 0.247423 0.296688
9 1379 1.45899 1 0.407966 1746 0.320413 1 0.180776 241 0.756977 1 0.18371 0.277973
10 2475 0.592941 -1 0.411465 2416 0.791116 1 0.189546 952 1.20779 1 0.1628 0.30437
11 103 1.65345 1 0.412458 2590 0.807421 1 0.279339 2211 4.07804 1 0.0838391 0.280799
12 1778 0.0600271 -1 0.404888 159 0.782577 1 0.0704479 445 1.30536 -1 0.283314 0.301273
13 998 1.32613 1 0.415735 1933 12.6844 -1 0.180567 1398 0.283389 1 0.183951 0.277903
14 977 0.663214 -1 0.424708 630 0.411148 1 0.182378 929 0.630715 1 0.194095 0.252274
15 806 0.979319 1 0.422058 1308 1.14805 -1 0.22199 518 0.386659 1 0.148434 0.265199
16 2691 1.82455 1 0.426147 2951 0.759615 1 0.161983 1422 0.930174 -1 0.218058 0.244686
17 2662 0.738602 1 0.426335 1143 9.25409 -1 0.293317 2920 0.642914 1 0.0820152 0.254705
18 1225 0.230167 1 0.417653 770 1.19606 1 0.0566136 2241 0.121845 -1 0.322082 0.247544
19 2366 1.65906 1 0.420553 2485 0.559023 1 0.308951 625 0.405936 1 0.0703131 0.246336
20 632 1.20125 1 0.418455 15 1.94506 -1 0.0837685 2157 0.271949 -1 0.28313 0.272772
21 1746 0.434455 1 0.420597 1685 3.57313 -1 0.260379 679 1.44331 1 0.118965 0.246166
22 742 0.259271 1 0.429789 1908 0.712374 -1 0.154357 2380 0.0554581 -1 0.232136 0.231038
23 164 0.102554 -1 0.436404 2421 1.2169 1 0.178913 956 1.0593 1 0.198061 0.251206
24 1501 0.448986 -1 0.42645 2902 0.238331 -1 0.204817 1380 0.473121 1 0.172066 0.2514
25 961 5.74347 -1 0.429629 2557 0.423995 1 0.263746 2244 3.94735 1 0.115549 0.24627
26 1412 0.655459 1 0.431761 577 1.09806 1 0.216695 92 0.739957 -1 0.171806 0.226809
27 2725 1.56447 1 0.43187 1836 1.00378 -1 0.154803 1572 0.293224 1 0.220675 0.254392
28 2060 0.292799 1 0.434499 1509 1.03098 -1 0.272494 1204 2.81401 1 0.112961 0.233229
29 639 0.378799 1 0.430476 1562 3.09206 -1 0.132263 829 0.51121 1 0.251213 0.237409
30 2258 0.295688 1 0.43688 2252 11.9448 -1 0.103168 2597 1.02267 1 0.286124 0.225144
31 2025 0.892982 1 0.438423 2380 0.276012 -1 0.183432 1993 1.24133 1 0.194022 0.250185
32 370 0.580996 -1 0.434164 2106 0.00215721 1 0.273564 331 0.337585 1 0.107603 0.242299
33 2379 1.81515 1 0.424374 2035 1.31525 -1 0.0737135 2918 0.0992992 -1 0.305118 0.247255
34 2862 0.785792 1 0.435481 278 0.926069 1 0.306938 1944 2.40397 1 0.0791138 0.231969
35 2233 1.23976 1 0.428033 1390 5.84081 -1 0.113997 1343 0.119432 -1 0.273007 0.229961
36 2280 0.868911 1 0.438558 159 0.74086 1 0.167847 1272 0.796228 1 0.223062 0.221747
37 1250 0.846191 1 0.428214 2971 4.12154 -1 0.223502 1017 1.86692 1 0.15824 0.24108
38 2009 4.02209 -1 0.430044 1649 1.99069 1 0.171361 2821 3.7572 1 0.190596 0.283441
39 2240 1.84432 -1 0.432254 806 0.601259 1 0.289726 2428 0.303453 1 0.093048 0.238895
40 679 1.04213 1 0.430784 2260 1.06969 -1 0.14645 810 1.87478 1 0.239971 0.231191
41 2417 0.429917 -1 0.442304 1879 0.141264 1 0.180414 1304 3.91586 -1 0.21093 0.220834
42 1732 0.876108 1 0.436506 1127 0.722616 1 0.0808699 249 1.72744 1 0.318336 0.204388
43 18 1.34871 1 0.433084 1410 0.963348 1 0.273297 1207 0.963097 -1 0.0987248 0.261777
44 161 0.709141 1 0.42236 2523 0.79944 -1 0.0424535 166 1.10494 -1 0.351369 0.215636
45 2882 8.95495 -1 0.428105 2205 6.59303 -1 0.342519 951 0.324684 -1 0.0363648 0.247144
46 1041 0.629471 1 0.428532 2670 0.219741 1 0.0793 1400 0.0187581 -1 0.314963 0.214713
47 796 0.550984 1 0.437201 2777 0.173429 1 0.329301 877 2.43407 -1 0.0667283 0.211018
48 2942 0.957085 -1 0.429097 2898 0.651191 1 0.092191 1779 1.24042 1 0.296384 0.226652
49 494 2.87129 -1 0.440557 2347 0.538895 1 0.335889 99 0.66091 -1 0.0564157 0.218818
50 240 4.46461 1 0.432072 703 8.80496 -1 0.151834 942 1.19047 1 0.232116 0.236408
51 1513 2.25327 1 0.441553 754 0.949537 1 0.238576 2697 1.55004 -1 0.156749 0.212492
52 1265 0.0687466 -1 0.437423 602 0.140183 1 0.0765883 146 0.500194 1 0.315238 0.219821
53 749 0.790918 1 0.430176 0 0.140123 -1 0.308722 1390 4.39832 -1 0.0719383 0.243374
54 980 0.508026 1 0.44165 2382 0.308387 -1 0.235197 1023 0.100374 -1 0.165422 0.201443
55 2306 0.723743 1 0.438288 159 1.23929 1 0.113799 2954 1.94946 -1 0.279482 0.216772
56 1799 2.02772 1 0.438657 381 5.13309 -1 0.208697 717 2.09179 -1 0.177798 0.231035
57 1037 1.44808 1 0.4398 627 2.22341 -1 0.141892 2981 3.60613 -1 0.242579 0.235307
58 1009 0.861818 1 0.438769 1670 1.04929 -1 0.249866 1913 0.344763 1 0.138389 0.227327
59 1779 1.05538 1 0.436652 26 1.72876 -1 0.13007 134 3.82564 -1 0.252915 0.238449
60 2786 1.33584 1 0.444455 2208 0.578074 1 0.10915 271 0.0855596 -1 0.287618 0.209476
61 2082 0.975637 1 0.428782 854 0.841652 1 0.336763 2631 6.06208 1 0.0479836 0.234725
62 98 0.347905 1 0.425855 2060 0.213866 1 0.037547 1949 4.24737 1 0.362081 0.203508
63 1311 1.30026 -1 0.4437 2840 0.0539418 1 0.222768 2840 0.0986041 -1 0.169716 0.218443
64 1165 0.446715 1 0.441878 859 7.18863 -1 0.156595 1070 0.759856 1 0.242617 0.204376
65 2365 0.498602 1 0.439459 548 0.173593 1 0.20055 794 1.00294 1 0.196691 0.208487
66 134 4.06249 -1 0.437242 2673 0.732431 1 0.213614 646 0.518774 1 0.174463 0.227702
67 2105 0.445314 1 0.441155 1969 1.74424 1 0.0907511 203 0.306787 1 0.312866 0.195208
68 742 0.147598 1 0.435201 996 2.88212 1 0.323111 1570 1.53002 -1 0.0685921 0.22008
69 981 0.0097847 -1 0.434915 1930 0.853113 1 0.0478136 2386 4.76202 -1 0.355044 0.196787
70 989 1.26954 1 0.439862 1049 3.20965 -1 0.232909 27 0.667853 1 0.163762 0.209677
71 2503 0.546576 1 0.44034 1111 1.20114 1 0.132307 518 0.40542 1 0.268317 0.201434
72 2481 1.35222 -1 0.443753 405 2.00881 1 0.187357 2968 0.353423 1 0.202083 0.224833
73 2827 0.347466 1 0.430291 1659 0.833956 -1 0.383671 2843 0.270169 1 0.0142204 0.207129
74 2713 1.97557 -1 0.433404 1465 1.34464 1 0.136312 985 0.657978 -1 0.254582 0.221779
75 2699 0.480068 1 0.439039 113 0.29176 -1 0.284284 59 0.062256 1 0.112255 0.209954
76 100 0.476901 1 0.438089 1328 0.150199 1 0.0970296 2930 0.521861 -1 0.303305 0.202035
77 765 0.50967 1 0.441648 2810 0.343759 1 0.147858 1846 0.0581341 -1 0.251589 0.203883
78 453 0.402897 1 0.441769 1297 0.873966 1 0.316543 1438 0.836694 1 0.0830862 0.203505
79 1957 0.302187 1 0.428309 630 0.409241 1 0.0402451 2819 0.733362 1 0.357105 0.20826
80 2681 0.58118 1 0.432425 2106 1.07288e-06 1 0.380366 657 1.14848 1 0.0172581 0.207688
81 1859 0.682533 1 0.425932 2368 1.58397 -1 0.025079 1911 0.223922 1 0.374974 0.202622
82 2570 0.525019 -1 0.441793 2803 0.598423 1 0.17785 523 2.97738 1 0.209508 0.229216
83 40 8.78251 -1 0.439646 1718 0.828665 1 0.277054 2619 0.0506024 -1 0.110087 0.229673
84 1143 8.21831 -1 0.438552 1376 0.448031 1 0.17347 691 1.15919 1 0.214459 0.228014
85 2493 1.00662 1 0.443527 208 8.74815 -1 0.25385 681 0.218708 1 0.138436 0.218857
86 2101 0.0985632 1 0.448805 1111 1.15856 1 0.191081 1782 1.6791 -1 0.209614 0.201285
87 695 7.00014 1 0.447264 447 0.785512 1 0.0856221 1806 0.0322447 -1 0.316378 0.19857
88 2091 1.0266 1 0.442669 1303 2.02965 -1 0.205361 441 0.0771861 -1 0.187446 0.217764
89 1051 1.01329 -1 0.4381 319 1.40794 -1 0.19718 2871 0.156997 -1 0.191075 0.227326
90 1292 0.413556 1 0.442716 652 0.676516 1 0.301534 1989 1.61504 1 0.0967555 0.206298
91 2795 2.24601 1 0.431585 913 0.264873 1 0.0885231 2075 0.756008 1 0.300458 0.225799
92 1643 0.596106 1 0.438174 2131 0.489407 1 0.33089 2379 1.82213 1 0.0659794 0.209263
93 1375 0.187158 -1 0.43836 2963 1.15959 1 0.151492 929 0.659203 1 0.236628 0.227611
94 533 0.685814 1 0.441631 1678 1.47924 -1 0.184007 222 0.0482922 -1 0.210046 0.215152
95 2999 0.521392 -1 0.442262 2938 2.0758 -1 0.250071 236 0.150765 1 0.148924 0.204826
96 1746 0.666629 1 0.442231 69 0.58026 1 0.137431 1696 0.57383 1 0.263884 0.199995
97 766 0.381174 1 0.443039 78 9.31029 -1 0.194451 424 0.0287472 -1 0.201033 0.212158
98 2685 0.251885 -1 0.442214 500 0.227418 1 0.177959 2838 3.62869 1 0.210883 0.226091
99 411 1.23332 -1 0.441599 1745 0.0664527 1 0.226263 672 7.72305 -1 0.158752 0.234158
100 1379 1.60621 1 0.444535 2812 0.395439 1 0.0855643 2009 3.84259 -1 0.319966 0.191237
101 2244 0.854181 1 0.444794 321 0.832875 -1 0.305325 2047 0.790192 1 0.101716 0.188107
102 2495 0.10932 -1 0.443928 1763 0.393818 1 0.050575 1091 0.601506 1 0.355656 0.189785
103 996 2.95193 1 0.440315 1520 2.20608 -1 0.34583 74 1.11762 1 0.0514662 0.208372
104 1108 0.105753 -1 0.444184 239 0.454837 1 0.0635541 2696 0.0138499 -1 0.334944 0.205864
105 2707 0.700542 1 0.437501 777 0.580246 1 0.394592 71 0.988902 1 0.00896921 0.195324
106 2417 0.161602 -1 0.424576 1297 1.28851 1 0.0214456 2489 0.30561 1 0.375487 0.209131
107 1516 1.29108 1 0.440663 1757 2.07127 -1 0.251857 637 0.743247 1 0.142494 0.21453
108 26 0.779271 1 0.445728 2001 0.205967 -1 0.318554 41 6.62362 1 0.0854318 0.194442
109 1408 0.393148 1 0.447633 2375 0.190792 -1 0.270714 1975 0.180476 -1 0.12851 0.204348
110 2584 0.169798 -1 0.451072 1227 0.0358057 1 0.128667 2038 2.20925 1 0.27973 0.185298
111 2629 0.372716 -1 0.440074 1416 0.27197 -1 0.255472 566 0.218081 1 0.140463 0.211215
112 2417 0.536766 -1 0.4468 2293 1.64794 -1 0.238493 2641 2.18377 1 0.153337 0.219813
113 1400 0.0443907 -1 0.443904 545 0.129024 1 0.120669 705 0.07057 -1 0.271355 0.219406
114 1513 2.16237 1 0.447523 1874 0.740938 1 0.314973 388 4.78241 -1 0.0864684 0.199732
115 2899 1.56453 -1 0.4376 2052 0.695227 1 0.0826793 98 0.45016 1 0.313758 0.210166
116 969 1.26748 1 0.424882 533 0.337011 1 0.328678 2586 1.58698 1 0.0561338 0.234587
117 2143 0.136339 -1 0.438746 2209 0.635115 -1 0.0933536 378 0.127228 -1 0.30708 0.201829
118 2400 1.3406 1 0.440495 1101 2.37838 -1 0.307357 1072 0.603394 -1 0.0939894 0.199929
119 977 0.634027 -1 0.44244 1728 2.23321 -1 0.0876165 1037 1.48779 1 0.31209 0.203344
120 280 4.07494 -1 0.435276 1037 1.58665 -1 0.227335 2258 0.443024 1 0.163595 0.221703
121 10 1.52175 1 0.444346 1912 1.41872 1 0.205657 1978 0.32065 -1 0.19091 0.209896
122 639 0.215272 1 0.445969 18 1.33721 1 0.322785 1851 1.23697 1 0.0805473 0.195799
123 1363 0.665857 -1 0.436539 1997 0.502107 1 0.148293 2436 0.0438417 -1 0.246129 0.214381
124 523 2.74308 1 0.444909 2641 1.93824 1 0.186617 1349 0.939911 -1 0.212363 0.204856
125 2730 8.20059 -1 0.436871 2050 1.15848 1 0.104745 572 1.41718 1 0.293716 0.20594
126 1858 3.05584 -1 0.446796 2125 0.083775 1 0.225391 107 0.0638947 -1 0.18238 0.186595
127 1241 0.459378 1 0.445387 1148 0.972228 1 0.177823 1297 2.57471 1 0.224842 0.197187
128 1127 0.813546 1 0.446061 1179 0.171575 1 0.301419 448 0.32955 1 0.1062 0.186908
129 1023 0.217722 -1 0.438784 1699 2.87636 1 0.108412 2826 0.0150681 -1 0.291694 0.202511
130 256 3.89268 -1 0.448278 2866 0.0455461 1 0.271979 2960 0.0237813 -1 0.125155 0.208712
131 2951 0.768106 1 0.451068 285 0.646072 1 0.291227 836 1.51597 1 0.0981301 0.225008
132 1968 0.132475 -1 0.443357 2502 1.32525 1 0.12038 1033 0.188141 -1 0.273873 0.214735
133 463 1.13061 1 0.446562 858 0.222288 -1 0.303661 1820 0.078688 -1 0.0962442 0.20293
134 1036 0.909044 1 0.441312 1654 1.96848 -1 0.0768345 1165 0.572403 1 0.324765 0.199403
135 786 0.427906 1 0.44424 1329 0.481696 -1 0.201748 1235 0.47484 1 0.191714 0.216392
136 1451 0.346604 1 0.448448 1344 3.90795 1 0.185163 1294 0.126947 -1 0.215043 0.202303
137 579 0.991865 -1 0.438438 521 1.37956 1 0.156878 2988 2.97373 -1 0.235862 0.217906
138 2082 1.00844 1 0.438829 405 2.04996 1 0.267109 1270 0.168671 -1 0.125486 0.218207
139 2248 0.0763016 -1 0.44794 2213 4.95675 -1 0.106769 933 0.841824 1 0.291324 0.206709
140 2945 8.69541 -1 0.435179 1746 0.284446 1 0.245443 1887 0.294585 -1 0.140602 0.231984
141 761 0.341905 1 0.444995 2120 0.297239 -1 0.263735 1785 0.0369701 -1 0.131209 0.213287
142 2707 1.80574 1 0.442956 636 1.64411 -1 0.161617 1719 0.507612 1 0.230901 0.218372
143 292 0.949528 1 0.441926 2124 2.72215 -1 0.354094 166 1.00889 -1 0.0485326 0.197266
144 751 0.14324 1 0.419394 1028 0.812984 -1 0.0279919 1792 1.08888 1 0.367185 0.212801
145 2210 0.20849 1 0.436563 239 0.366056 1 0.316873 166 1.18229 -1 0.0785657 0.212253
146 2879 0.25983 1 0.438712 2125 0.254238 -1 0.104857 1413 0.842903 1 0.293882 0.205362
147 1877 1.04356 -1 0.44624 998 0.68664 1 0.311141 130 1.13125 -1 0.0845408 0.211746
148 900 0.324893 -1 0.440537 1691 0.454376 1 0.0928615 1259 4.81453 -1 0.298519 0.220757
149 2611 1.3077 1 0.449721 1390 6.14097 -1 0.256252 2154 0.184265 1 0.147534 0.194858
150 1000 0.366354 -1 0.450613 2060 0.237489 1 0.230416 2176 1.11198 1 0.167021 0.208078
151 1529 0.475407 -1 0.448199 777 0.793221 1 0.129301 178 1.17102 -1 0.275599 0.192544
152 2625 1.83084 1 0.438032 1903 0.848004 -1 0.210746 1553 2.9835 1 0.180499 0.22104
153 2157 0.384873 -1 0.444642 1158 0.527476 1 0.150223 713 3.49932 1 0.24827 0.205873
154 49 2.14462 -1 0.450942 605 0.708267 1 0.214504 1784 1.7144 1 0.180617 0.212918
155 700 5.56275 1 0.445928 2749 1.34071 1 0.207574 595 0.298288 -1 0.19164 0.204371
156 610 1.60193 -1 0.444603 983 0.852516 1 0.327788 567 2.37576 1 0.0705436 0.206211
157 929 0.410175 1 0.439045 95 1.6113 -1 0.0875999 1385 0.105439 -1 0.313689 0.200048
158 2185 1.31477 1 0.44791 2025 0.501458 1 0.311999 18 1.33113 1 0.0860579 0.206785
159 1102 1.4011 1 0.436463 1982 0.054183 1 0.068016 2920 0.569622 1 0.331954 0.202795
160 2642 1.49496 -1 0.445135 2083 0.0640137 1 0.288269 2088 0.0909557 -1 0.108708 0.209038
161 1728 1.91594 -1 0.445306 1643 0.548764 1 0.130824 1153 0.0256119 -1 0.273807 0.193103
162 1556 0.370866 1 0.444399 1296 0.896105 -1 0.243531 301 1.29405 1 0.156015 0.203678
163 225 0.0836033 -1 0.44447 225 5.00679e-06 1 0.217211 1287 0.135528 -1 0.172142 0.225018
164 2819 0.369289 1 0.445063 200 0.489376 -1 0.0468458 32 0.289293 1 0.363282 0.181719
165 1746 0.440347 1 0.446536 277 0.173982 1 0.273535 2244 4.3112 1 0.126896 0.201833
166 526 0.247171 -1 0.448568 2971 1.05244 1 0.137341 2597 1.30972 1 0.253451 0.221993
167 2533 0.588609 1 0.452008 855 0.0251188 1 0.366893 1907 0.114491 -1 0.0427821 0.182655
168 2556 0.0940981 -1 0.452277 688 0.277577 -1 0.165965 2779 4.28451 -1 0.238491 0.193466
169 26 0.779271 1 0.448011 15 2.15491 -1 0.320166 2156 0.968379 1 0.0862576 0.189385
170 1852 0.25592 -1 0.443623 998 0.909142 1 0.181621 1374 0.148712 -1 0.208914 0.222531
171 2963 1.61422 1 0.451753 1064 9.51325 -1 0.241438 270 0.635052 1 0.163042 0.193415
172 2892 0.46825 1 0.445687 2087 0.354111 -1 0.0912641 1066 1.29547 1 0.311126 0.197758
173 1346 0.212554 -1 0.440094 2089 0.589838 1 0.288794 2719 0.0865631 1 0.10898 0.207374
174 418 0.163112 -1 0.440701 2657 0.455138 1 0.186407 950 0.191724 1 0.210629 0.208915
175 481 0.476608 1 0.446146 806 0.488193 1 0.170048 951 0.320921 -1 0.233788 0.194754
176 395 1.65749 -1 0.443822 1312 0.518901 1 0.116894 1139 0.915747 1 0.279924 0.209372
177 1032 0.610516 1 0.440654 1176 0.376165 1 0.305548 1272 0.88754 1 0.089219 0.213659
178 2465 0.184589 -1 0.440536 969 1.16608 1 0.115213 1526 1.86064 -1 0.281476 0.20964
179 838 0.49727 1 0.443573 1841 0.717576 1 0.287796 2495 0.10932 -1 0.110101 0.207117
180 2670 0.933043 1 0.439988 1285 0.266548 -1 0.0633935 364 1.70035 1 0.337684 0.200489
181 1883 0.141914 1 0.445786 1802 4.06198 1 0.328114 679 1.08557 1 0.0735445 0.19928
182 2713 1.9839 -1 0.422851 2752 1.59935 -1 0.136366 976 1.78534 -1 0.247499 0.236589
183 18 1.41693 1 0.440976 806 0.599927 1 0.174815 1728 1.68862 -1 0.217965 0.21782
184 2592 1.34686 -1 0.440237 2590 1.12347 1 0.178235 1974 0.0780945 -1 0.213294 0.220444
185 2514 0.567963 1 0.446808 2707 1.13036 1 0.306174 2695 1.7652 1 0.0984771 0.193061
186 2105 0.233626 -1 0.440523 1042 0.186574 1 0.132865 1765 0.0649681 -1 0.255373 0.227362
187 2418 0.542816 1 0.439904 538 3.08301 -1 0.210595 2251 4.04646 1 0.180973 0.220362
188 459 2.14769 -1 0.442373 1342 0.351109 1 0.0189668 2075 0.693443 1 0.393615 0.176651
189 577 1.10354 1 0.434762 2117 0.481968 1 0.337097 399 3.57232 1 0.0578761 0.213227
190 2386 5.29094 -1 0.435534 778 0.0357065 1 0.166644 285 1.5223 1 0.2285 0.212869
191 1155 0.168808 1 0.442969 28 0.333592 1 0.0818873 71 1.04409 1 0.317817 0.203349
192 943 0.446286 -1 0.442251 2237 3.3401 -1 0.378124 2206 0.122366 -1 0.0256491 0.194885
193 1285 0.122055 -1 0.439917 1506 0.291801 1 0.10082 1184 0.310759 -1 0.300826 0.199304
194 794 0.303215 1 0.444803 1594 0.163976 -1 0.270323 981 0.0125618 -1 0.127353 0.207579
195 1356 5.8189 1 0.447666 127 0.959151 1 0.314311 1838 1.05551 1 0.090134 0.19349
196 2619 0.298392 1 0.445864 2262 0.235847 -1 0.021617 1170 0.293459 -1 0.39408 0.170232
197 2779 4.57557 -1 0.452121 2082 0.96213 1 0.207127 523 2.85837 1 0.181959 0.225577
198 2819 0.378533 1 0.446268 2914 0.396329 -1 0.0525546 1054 0.304433 -1 0.364648 0.167134
199 1552 0.693614 1 0.443808 373 0.415956 -1 0.338695 1742 1.05075 -1 0.0601456 0.20515
200 2228 1.19723 -1 0.449117 2025 0.757164 1 0.0968509 2250 0.415311 1 0.310161 0.188165
201 596 0.353514 1 0.449391 256 4.34957 -1 0.226803 1347 0.801545 1 0.174356 0.200319
202 2942 0.974838 -1 0.44626 2554 0.284681 1 0.0998342 2917 0.682825 1 0.306221 0.19015
203 1207 0.970446 -1 0.442468 2954 1.91029 1 0.120085 1793 2.8448 -1 0.273703 0.215709
204 2809 0.74369 -1 0.43482 996 2.97617 1 0.3307 2185 1.44526 -1 0.0596993 0.222817
205 1460 2.43938 -1 0.451221 1276 0.441038 1 0.250046 2542 3.34095 1 0.143204 0.216836
206 2445 1.88549 -1 0.439149 2255 1.78347 1 0.0578453 2028 0.754959 1 0.348911 0.188696
207 164 0.0699368 -1 0.447748 1376 1.26553 -1 0.114024 871 1.66305 1 0.292725 0.18871
208 1150 2.80547 -1 0.446854 2082 1.14208 -1 0.325931 335 1.3639 1 0.0699157 0.2114
209 1789 1.3562 1 0.42584 2115 5.39577 1 0.150891 1704 0.288399 -1 0.239006 0.223872
210 2481 1.35235 -1 0.444825 151 0.580338 1 0.195706 929 0.503418 1 0.204909 0.201452
211 1643 0.791211 1 0.44582 793 12.8532 -1 0.258545 1883 0.246405 1 0.134632 0.216989
212 1270 0.192138 -1 0.432979 1241 0.330547 1 0.109101 1876 0.667109 -1 0.285761 0.213461
213 1809 0.316014 1 0.44314 1282 0.249004 -1 0.282655 2416 1.98892 1 0.116559 0.20437
214 2810 0.571555 1 0.438021 1433 1.01154 -1 0.235882 1155 0.0664916 -1 0.161438 0.208322
215 2697 1.86565 -1 0.447106 740 1.5097 1 0.192982 1420 1.64022 1 0.205588 0.205714
216 242 2.16373 1 0.441467 1069 0.696457 -1 0.155152 818 0.934292 -1 0.230631 0.232536
217 346 0.962113 1 0.447527 2349 0.70536 1 0.327801 2883 2.46475 1 0.0796078 0.187345
218 2120 0.109955 -1 0.439924 709 0.0604677 1 0.0694361 947 1.02909 -1 0.330688 0.202474
219 2540 1.29878 1 0.447189 2214 6.53984 -1 0.248386 538 0.478475 -1 0.153567 0.198668
220 2366 1.66701 1 0.446251 2786 0.748616 1 0.330606 2379 1.70992 1 0.0729973 0.195238
221 300 0.62236 1 0.441305 100 0.195086 1 0.118715 472 0.869965 1 0.28525 0.194485
222 499 0.170246 1 0.438963 1904 0.0632674 1 0.38601 471 1.72547 1 0.0164623 0.197588
223 1583 1.10816 1 0.432334 453 1.08109 -1 0.0469387 37 0.322538 1 0.351576 0.205828
224 797 0.0813007 -1 0.441395 161 0.166154 1 0.242348 2768 1.91675 -1 0.152952 0.212544
225 2550 0.973932 1 0.444938 8 1.19441 -1 0.205798 1291 1.22733 -1 0.19375 0.203674
226 2662 0.792107 1 0.445566 1100 9.74894 -1 0.306136 2354 0.490288 1 0.0974727 0.195226
227 854 2.55935 1 0.442378 140 0.546899 -1 0.0343203 262 1.9324 1 0.377548 0.178124
228 672 8.84117 -1 0.446956 2147 0.367166 -1 0.285404 878 1.05411 1 0.121817 0.187732
229 2782 1.39635 1 0.446805 2475 0.610222 -1 0.156078 1957 0.342968 1 0.246439 0.197494
230 2162 0.883105 1 0.437559 2989 0.890113 -1 0.258761 2591 0.119632 -1 0.132917 0.220132
231 2233 0.813164 1 0.446721 2875 2.04959 -1 0.255733 860 6.84343 1 0.143774 0.20376
232 405 2.13325 1 0.445463 1814 6.67527 -1 0.183246 134 3.84028 -1 0.205985 0.225272
233 661 0.206553 1 0.44402 350 0.67509 1 0.0564553 1807 0.0806744 -1 0.352226 0.184709
234 2971 1.7257 1 0.442713 2577 0.740414 1 0.306358 2290 2.56566 1 0.0912968 0.207623
235 2707 1.56371 1 0.441614 63 0.85781 1 0.226376 2279 0.101853 1 0.168827 0.212747
236 24 0.585355 -1 0.442342 2441 1.12761 -1 0.105766 767 0.0307918 -1 0.295124 0.20088
237 1562 1.44542 1 0.428199 0 0.195188 -1 0.257141 2984 0.488733 1 0.128934 0.231922
238 2416 1.73755 1 0.446641 2814 0.232519 -1 0.137764 384 1.04227 1 0.256904 0.213865
239 1091 0.251117 1 0.446379 453 0.450234 1 0.327438 1846 0.0919358 -1 0.075495 0.196629
240 2689 0.0694095 -1 0.438944 1048 0.364335 -1 0.141185 789 0.0663277 -1 0.258366 0.203668
241 2875 0.857938 1 0.446776 1086 8.86119 -1 0.306181 2981 3.18947 -1 0.0979783 0.194081
242 2 0.58393 1 0.444851 1224 1.23282 -1 0.133333 1696 0.522258 1 0.265292 0.205599
243 2289 1.04285 -1 0.446817 473 0.406824 1 0.195801 1583 1.10875 1 0.199271 0.213021
244 1157 0.264287 1 0.44881 1165 0.179077 1 0.298225 1647 1.92327 1 0.108544 0.18867
245 2417 0.283356 -1 0.43942 87 1.35912 -1 0.0840102 1799 2.35274 1 0.316641 0.201377
246 1526 2.08752 -1 0.429556 1455 0.881066 1 0.290078 2502 2.23866 1 0.0942065 0.235701
247 971 2.51024 -1 0.447947 290 4.90064 1 0.133675 2169 0.128458 -1 0.255857 0.224638
248 510 0.804961 1 0.43604 507 9.83317 -1 0.25647 1555 1.46111 1 0.134373 0.221885
249 2503 0.590523 1 0.439966 2601 0.500142 -1 0.108662 2466 1.64911 1 0.29032 0.204855
250 2476 0.418895 -1 0.442602 1405 1.62938 -1 0.262527 2482 0.260459 -1 0.134182 0.209598
251 794 0.581107 1 0.445292 1900 0.287841 -1 0.146636 2140 0.167871 -1 0.248356 0.213189
252 1466 1.35218 1 0.443707 2637 0.606211 -1 0.279933 998 2.14014 1 0.119404 0.204116
253 1438 0.800766 1 0.445668 2358 0.507303 -1 0.130656 2030 0.302195 1 0.270798 0.199705
254 2517 0.524569 1 0.444101 996 2.95964 1 0.169841 2630 1.58808 1 0.232114 0.198664
255 2384 2.07644 -1 0.438667 1547 2.10286 -1 0.211208 1714 3.35707 1 0.182324 0.216244
256 93 1.1441 1 0.439504 1840 3.48036 -1 0.244953 643 0.0371895 -1 0.147629 0.218235
257 2243 0.406564 -1 0.429999 93 0.595421 1 0.179643 2088 0.544945 1 0.214685 0.214578
258 1781 6.13584 1 0.441254 2101 0.0487461 1 0.212762 1116 1.36279 -1 0.183677 0.210163
259 1948 4.1745 -1 0.443529 1408 0.228434 1 0.228918 107 0.0433943 -1 0.166106 0.213123
260 887 1.03832 1 0.445623 1949 1.34801 1 0.235522 2856 0.449469 1 0.154123 0.224403
261 2049 0.552295 -1 0.444383 2965 0.164894 1 0.0778742 2594 2.37659 1 0.321167 0.204731
262 1537 2.88755 -1 0.450832 2807 0.576324 -1 0.22791 2951 1.81622 1 0.178222 0.189989
263 2919 0.510594 1 0.449152 2185 1.30537 1 0.333525 1088 0.951301 1 0.0761816 0.182589
264 2481 1.32065 -1 0.433292 996 2.77477 1 0.141265 1311 0.805319 -1 0.247554 0.22614
265 1596 1.47507 1 0.449215 456 0.678865 -1 0.163635 2345 1.73894 1 0.239603 0.195995
266 408 1.02809 1 0.446078 2082 0.994386 1 0.258785 2293 1.42267 -1 0.133912 0.217995
267 1414 1.98533 -1 0.440943 932 1.84813 1 0.161408 432 0.864663 1 0.227461 0.226035
268 160 1.2791 1 0.446182 1148 0.987659 1 0.135681 1820 0.309094 1 0.26426 0.202855
269 1918 0.25271 1 0.443592 1949 0.498691 1 0.195961 795 0.418816 -1 0.207617 0.19529
270 441 0.161131 -1 0.445211 2577 0.968545 1 0.146399 2619 0.0507035 -1 0.236087 0.239504
271 225 0.00142324 1 0.425418 372 1.67961 -1 0.382186 1612 3.89485 1 0.00740989 0.224505
272 867 0.324188 -1 0.438536 786 0.253936 1 0.076802 972 0.126703 -1 0.314577 0.220759
273 739 0.388454 1 0.440057 2707 0.745592 1 0.276284 319 1.1271 -1 0.113371 0.224382
274 661 0.201824 1 0.430098 369 0.339948 1 0.0623273 1444 0.0527365 -1 0.332626 0.21327
275 2629 0.261656 -1 0.441489 2819 0.00214982 1 0.169914 1665 1.69556 1 0.222919 0.21771
276 514 1.07465 1 0.441823 987 1.55139 -1 0.173314 1617 1.09585 1 0.215166 0.226854
277 639 0.280546 1 0.443769 1530 1.01645 -1 0.245883 2502 2.06847 1 0.152922 0.205223
278 2892 0.465412 1 0.442203 2344 1.40846 -1 0.0901052 2812 1.38984 1 0.307437 0.207859
279 1441 0.518856 -1 0.435732 2423 0.357943 1 0.326672 1326 0.344745 1 0.0675893 0.214718
280 2843 0.137208 1 0.441645 1860 2.85537 1 0.0969562 2399 0.759029 1 0.306021 0.196537
281 577 1.23705 1 0.444809 711 0.507561 -1 0.304528 352 0.590207 1 0.095254 0.203187
282 2786 1.11327 1 0.446917 704 2.5764 -1 0.181083 2385 0.460871 1 0.215489 0.209885
283 707 0.187451 -1 0.446057 141 1.08745 -1 0.108327 2228 1.02037 -1 0.287805 0.210802
284 1322 0.139649 1 0.434554 1295 1.75544 1 0.348618 612 3.57908 -1 0.0483013 0.209159
285 469 0.745308 1 0.43509 2733 2.04885 -1 0.0310453 2619 0.224615 1 0.369921 0.200721
286 2882 8.95406 -1 0.435055 2050 1.34343 1 0.360919 1124 1.55547 1 0.0326156 0.216239
287 1131 0.51935 1 0.436202 2767 0.323683 -1 0.148003 1604 0.102472 1 0.24908 0.208817
288 1023 0.287962 -1 0.443907 2054 0.0219886 1 0.140182 2511 0.415215 1 0.262104 0.197975
289 851 1.88798 1 0.446815 1376 1.22425 -1 0.186746 2791 2.65001 1 0.214347 0.200456
290 486 0.187668 -1 0.448147 1347 1.38266 -1 0.294243 314 1.82413 1 0.1057 0.202852
291 1932 0.25653 -1 0.443907 1416 0.3379 -1 0.178521 657 0.509166 1 0.216275 0.213599
292 2041 0.0770628 1 0.443707 666 0.968867 1 0.168211 1614 0.902987 1 0.237881 0.190071
293 2020 1.00894 1 0.450422 2416 1.18063 1 0.32188 1589 0.613883 1 0.0869725 0.184356
294 1381 0.130422 -1 0.441524 1671 0.768794 -1 0.186896 2626 3.90883 -1 0.211654 0.205754
295 2325 11.2354 1 0.449113 813 6.59214 -1 0.298919 1158 0.877782 1 0.0999846 0.205018
296 2378 0.879568 1 0.428629 470 0.234365 1 0.0698058 1207 0.934845 -1 0.329363 0.204465
297 76 0.387067 1 0.448628 356 2.47189 -1 0.313342 1825 2.5824 1 0.0932435 0.18905
298 441 0.0896873 -1 0.444612 2619 0.022794 1 0.0786281 1957 0.309852 1 0.329787 0.18526
299 2960 0.182302 -1 0.441977 1824 1.8686 -1 0.3381 441 0.56813 1 0.0603345 0.205997
300 2025 0.878046 1 0.450294 2555 0.429665 -1 0.192322 514 1.40112 1 0.206924 0.204305
301 1499 2.70364 -1 0.445582 2351 0.427023 1 0.199429 159 2.36754 1 0.196037 0.212197
302 2489 0.197122 1 0.443773 1286 0.473252 1 0.0917418 1468 0.116788 -1 0.310529 0.198007
303 806 0.820178 1 0.444932 173 0.657906 1 0.296521 755 0.618351 1 0.10511 0.199337
304 320 1.18321 -1 0.442803 1822 0.275197 1 0.0720223 2586 3.3429 1 0.334084 0.190042
305 1088 0.81592 1 0.443478 1668 1.40035 -1 0.234813 2818 1.08816 1 0.158797 0.21608
306 405 2.06095 1 0.441624 796 0.522696 1 0.252946 1802 4.14462 1 0.141114 0.21514
307 1551 3.96057 -1 0.446078 659 6.41331 -1 0.154315 2697 1.52377 -1 0.245518 0.203082
308 2958 0.511263 -1 0.451299 679 0.574228 1 0.165422 872 1.68446 -1 0.237198 0.19728
309 1362 2.03112 1 0.446198 2593 0.740341 1 0.228178 483 0.180587 -1 0.171819 0.20274
310 397 2.90986 -1 0.453092 2124 2.09603 -1 0.276689 2851 0.848244 -1 0.119761 0.210138
311 2625 2.02352 1 0.433674 1589 0.182899 1 0.137971 1553 3.20227 1 0.251879 0.223971
312 2469 1.90553 -1 0.445244 794 0.259072 1 0.211809 2595 1.63555 1 0.18313 0.213298
313 1390 5.24062 -1 0.447519 2233 0.580632 1 0.164598 180 0.640568 -1 0.231147 0.211611
314 1082 0.608585 1 0.449804 1779 0.971044 1 0.269252 2709 0.570452 1 0.135049 0.193788
315 915 4.51586 -1 0.442427 18 1.28065 1 0.172487 610 1.49707 -1 0.221973 0.2143
316 1962 1.39772 1 0.447975 2365 0.459683 1 0.156401 702 0.135718 1 0.240993 0.208168
317 1752 0.180151 -1 0.447837 1932 0.134498 1 0.252037 1126 0.442118 -1 0.144603 0.209743
318 2707 1.56371 1 0.448508 463 0.911196 1 0.224778 2063 0.0947497 -1 0.172566 0.208273
319 2257 0.179997 -1 0.445344 1665 1.44064 1 0.0769366 2417 0.1926 -1 0.326802 0.194956
320 2038 1.92847 1 0.440673 1523 4.00837 -1 0.356085 1494 1.19853 1 0.0457138 0.198987
321 2399 0.431475 1 0.443015 2895 0.30731 -1 0.179053 881 0.172319 -1 0.2143 0.21662
322 1627 1.02593 1 0.445742 2195 2.08457 -1 0.202849 792 0.284034 -1 0.192992 0.211411
323 1379 1.52716 1 0.444567 1367 4.64425 -1 0.156005 1605 3.15244 1 0.239164 0.212818
324 2150 0.210874 -1 0.443541 1509 0.298564 1 0.24346 1873 0.342777 -1 0.154933 0.206083
325 1250 0.897086 1 0.444157 824 0.979051 1 0.206167 2028 0.558533 -1 0.18952 0.211735
326 728 0.598575 -1 0.450128 2725 1.02121 1 0.179892 2499 0.368526 1 0.222377 0.198009
327 2554 0.459436 1 0.44699 2438 0.390063 1 0.284153 736 0.967587 1 0.117111 0.2001
328 2011 0.516684 1 0.445235 1545 0.321205 1 0.147851 1601 1.48009 -1 0.248027 0.211334
329 582 2.11069 1 0.446025 524 1.73697 -1 0.109966 2369 1.30688 -1 0.287281 0.208475
330 405 2.16406 1 0.444139 121 4.43733 -1 0.166649 166 1.1232 -1 0.224515 0.22121
331 2833 0.78569 -1 0.441135 2493 0.74111 1 0.273555 1442 0.787396 1 0.122743 0.210458
332 236 0.178193 1 0.438631 301 0.85982 1 0.0282216 161 0.709141 1 0.374578 0.196906
333 833 2.17286 -1 0.43941 1632 3.33749 -1 0.316357 2981 4.77117 1 0.0713182 0.228547
334 810 1.94322 1 0.432889 119 0.512376 1 0.0839562 163 2.03228 -1 0.312338 0.210466
335 2219 1.4343 1 0.448741 2808 0.559384 -1 0.187121 2562 1.57001 1 0.201073 0.227454
336 2835 1.46033 -1 0.446383 2923 0.505337 1 0.270376 2077 0.0334697 -1 0.128795 0.20446
337 1028 0.564932 -1 0.441352 261 0.140909 1 0.0781381 2933 1.07995 1 0.312711 0.221872
338 1855 0.609861 1 0.447483 95 1.93066 -1 0.169491 811 0.545209 1 0.232916 0.197722
339 475 0.68536 -1 0.444231 324 0.311119 1 0.250851 2475 0.34552 -1 0.145835 0.209647
340 1873 1.05483 1 0.449781 581 0.412274 1 0.125059 1820 0.0709805 -1 0.278106 0.196147
341 2777 0.276865 1 0.450285 1147 0.975284 1 0.287987 1778 0.0594044 -1 0.117849 0.190603
342 1522 0.335382 -1 0.449157 1139 0.321105 1 0.19531 657 0.183895 -1 0.214484 0.182408
343 786 0.438241 1 0.453118 1585 0.611155 -1 0.201562 657 0.398828 1 0.198888 0.201794
344 2543 1.02378 1 0.45172 1025 0.232437 -1 0.30363 133 0.227742 1 0.102797 0.189378
345 637 0.677725 1 0.443767 1871 0.503392 1 0.110482 1589 0.477494 1 0.295322 0.190669
346 2133 0.355137 -1 0.443019 2912 0.84556 1 0.25085 2003 0.869786 1 0.148418 0.204257
347 2871 0.158927 -1 0.447002 578 0.182023 1 0.086989 2826 0.0282502 -1 0.317302 0.193808
348 1543 0.161786 1 0.453074 2563 0.464297 -1 0.299487 2697 1.47861 -1 0.107709 0.187784
349 1007 0.130167 1 0.450673 453 0.469919 1 0.20084 2823 0.125574 -1 0.197923 0.205312
350 2213 4.48173 -1 0.452168 1237 0.478369 1 0.177242 2176 1.23952 1 0.229886 0.187926
351 2037 0.957745 1 0.441927 996 2.97617 1 0.296085 835 0.418906 1 0.09635 0.218544
352 7 1.963 -1 0.444227 2445 1.97597 1 0.109441 1311 0.640985 -1 0.296961 0.189431
353 301 0.850739 1 0.432399 1313 1.3399 -1 0.305707 1260 1.22975 -1 0.0901283 0.211424
354 1265 0.184956 -1 0.449343 2781 0.804117 1 0.193402 887 1.55928 1 0.207174 0.201533
355 806 1.14902 1 0.447491 2386 6.21677 -1 0.170003 1467 1.99336 1 0.230625 0.201425
356 2633 0.435155 1 0.446293 2354 0.293131 1 0.244465 679 1.04202 1 0.155952 0.201863
357 1957 0.332874 1 0.442104 636 0.656859 1 0.0256541 1738 0.0395679 -1 0.390012 0.170295
358 810 0.658832 1 0.431816 1417 2.59764 1 0.362128 623 1.0168 1 0.0322163 0.214544
359 203 0.252263 1 0.437107 2514 0.579891 1 0.0558756 2983 10.0117 -1 0.343894 0.203213
360 2942 1.31578 -1 0.448304 1009 0.861818 1 0.248116 484 3.09377 1 0.150774 0.205047
361 2848 1.63771 -1 0.437668 2306 0.331162 1 0.352443 2895 0.126936 -1 0.0418193 0.214716
362 2509 0.306296 1 0.439837 451 0.63693 1 0.0842329 1287 1.30772 1 0.319755 0.194439
363 2349 0.703424 1 0.438436 2050 1.12109 1 0.344043 2705 0.279436 -1 0.0542022 0.206391
364 2580 0.650594 -1 0.443229 1558 9.29741 -1 0.13646 789 0.0663919 -1 0.263185 0.203471
365 740 2.11509 1 0.450999 2930 0.854794 -1 0.264416 1092 0.639816 -1 0.144142 0.184964
366 2786 1.29649 1 0.448054 2603 0.263203 1 0.126405 1067 0.107776 -1 0.276356 0.196987
367 1471 1.98913 -1 0.448652 2222 1.49904 1 0.280749 1189 0.594934 -1 0.114877 0.211862
368 1457 0.26341 -1 0.446817 1031 0.898982 1 0.191188 875 3.30868 1 0.195949 0.229681
369 2724 1.43412 1 0.445136 861 3.20855 -1 0.140299 1846 0.0832995 -1 0.258908 0.204386
370 2725 1.47965 1 0.448598 1632 3.26483 -1 0.19787 2986 0.619524 1 0.202409 0.202151
371 2665 0.250376 1 0.449336 2882 8.93345 -1 0.270049 233 0.130586 1 0.133586 0.19517
372 523 2.86267 1 0.436227 1111 1.31397 1 0.105897 2036 3.64585 -1 0.290043 0.211205
373 2162 1.0845 1 0.448746 2888 0.449602 1 0.23036 1957 0.259342 1 0.174971 0.191651
374 518 0.272792 1 0.447628 2491 0.474258 1 0.131496 863 0.360123 1 0.259235 0.22212
375 1128 1.47436 -1 0.4441 18 1.34775 1 0.338909 506 0.70959 1 0.0589555 0.207186
376 2472 3.0042 -1 0.437614 2988 3.01503 -1 0.17018 683 0.139992 -1 0.228205 0.206098
377 1435 1.4832 -1 0.450797 1196 0.40928 1 0.273637 486 0.174601 -1 0.131602 0.191841
378 2328 0.120845 -1 0.433051 2165 0.78469 1 0.0935804 2417 0.161602 -1 0.304438 0.206865
379 2060 0.244977 1 0.451431 68 2.48902 -1 0.342215 140 0.555715 1 0.0684404 0.180629
380 1765 0.054987 -1 0.432671 635 1.21233 1 0.0620002 2047 0.867546 1 0.325416 0.229094
381 1088 0.592505 1 0.438807 1143 9.2726 -1 0.323003 2824 0.853998 1 0.0785364 0.199528
382 1270 0.199004 -1 0.44415 1883 0.130501 1 0.110134 645 1.7998 1 0.284504 0.213929
383 1362 1.9479 1 0.441152 639 0.135403 1 0.334749 929 0.0404577 -1 0.0626675 0.20812
384 2649 0.0664606 -1 0.441061 1049 2.48019 1 0.0375385 1868 5.61549 -1 0.367625 0.191999
385 1670 1.04485 -1 0.436205 1009 0.314171 1 0.316627 2851 0.613452 -1 0.0696701 0.231451
386 2096 2.06091 1 0.439511 225 0.152142 -1 0.120924 543 3.66044 -1 0.280148 0.200501
387 1513 2.25327 1 0.447109 2178 12.4252 -1 0.244815 1737 8.89483 1 0.152067 0.209238
388 2503 0.546576 1 0.44806 980 0.308674 1 0.131525 471 1.68861 1 0.275328 0.188495
389 2814 0.158858 -1 0.441257 1276 0.371403 1 0.29454 951 0.270957 -1 0.107159 0.199195
390 632 1.05138 1 0.44681 15 1.96415 -1 0.116104 221 0.296471 -1 0.281379 0.207982
391 2233 1.12732 1 0.451728 1030 0.171336 1 0.150587 2245 7.28666 1 0.259775 0.181235
392 2915 4.74543 -1 0.443994 2393 0.0764565 1 0.366677 2606 4.54391 1 0.0363253 0.196486
393 1572 0.195116 1 0.441455 2451 0.570118 -1 0.102939 1287 0.803612 1 0.299988 0.196642
394 1612 3.89641 -1 0.446439 1806 0.000308514 1 0.309262 225 0.0164534 -1 0.0882628 0.207896
395 1583 1.13168 1 0.436982 2589 0.410856 -1 0.0410658 1380 0.444088 1 0.36875 0.182364
396 93 1.18949 1 0.443517 914 0.434391 1 0.243747 2244 3.89851 1 0.154213 0.206987
397 2243 0.463488 -1 0.443026 806 0.475988 1 0.228752 1804 1.10476 1 0.170014 0.205305
398 2482 0.306185 -1 0.443622 2020 1.00449 1 0.120061 2063 0.0870981 -1 0.279874 0.202868
399 886 3.90915 -1 0.449522 373 0.408981 -1 0.26989 878 1.06742 1 0.133129 0.196452
400 2625 1.83528 1 0.441345 2082 1.12036 -1 0.20348 41 4.61199 -1 0.186381 0.223948
401 405 2.19317 1 0.438205 239 0.527617 1 0.123618 2228 1.0466 -1 0.267018 0.22232
402 1133 1.07321 1 0.445591 1836 0.92084 -1 0.361641 411 0.639406 -1 0.0472085 0.184361
403 76 0.586783 1 0.446103 1310 3.97371 1 0.209656 2589 0.340894 1 0.194329 0.194445
404 267 7.97614 -1 0.448696 1367 3.62865 1 0.166925 249 1.72744 1 0.228415 0.21246
405 1756 0.92836 -1 0.444868 29 0.685147 1 0.187347 255 0.922117 -1 0.213703 0.200545
406 1002 1.46192 1 0.449348 548 0.269 1 0.255471 2856 0.105564 -1 0.138557 0.215208
407 1571 0.170521 -1 0.449457 81 1.05067 -1 0.30161 2851 0.7513 -1 0.0977269 0.204114
408 1800 1.07524 1 0.435326 2820 0.490775 1 0.0805915 1460 1.29174 -1 0.318828 0.203943
409 262 0.826602 1 0.443559 2293 1.73646 -1 0.282294 232 0.0521181 -1 0.114918 0.208548
410 2028 0.78054 1 0.446565 351 0.831406 -1 0.0873077 32 0.370237 1 0.320078 0.187392
411 81 0.979256 1 0.443533 2654 0.751434 1 0.248008 2524 1.59172 1 0.154018 0.198515
412 1545 0.332027 -1 0.448747 1802 3.91144 1 0.201086 191 0.955469 -1 0.194622 0.21169
413 2946 0.660809 1 0.447318 40 8.8257 -1 0.320893 2619 0.018024 -1 0.0798736 0.201137
414 2379 1.81515 1 0.449066 2827 0.645175 1 0.0807381 2746 9.51047 1 0.325794 0.189161
415 2662 0.447197 1 0.440768 2601 0.589645 -1 0.39227 1100 7.4015 -1 0.016251 0.185041
416 2193 1.34537 1 0.440748 2541 0.99851 1 0.111446 1957 0.302203 1 0.288135 0.203604
417 1351 0.357943 1 0.445442 2139 4.37814 -1 0.30992 1204 1.95614 1 0.0916351 0.199494
418 2241 0.169603 -1 0.445635 2250 0.0514389 1 0.10501 233 0.144735 1 0.297069 0.198405
419 709 0.210299 -1 0.44904 2565 2.9003 -1 0.302468 1165 0.266214 -1 0.0951118 0.20778
420 980 0.537903 1 0.441442 2678 1.17351 -1 0.220682 270 0.786342 1 0.184765 0.19141
421 1947 0.206007 -1 0.454912 2 0.262635 1 0.125461 717 2.11901 -1 0.279087 0.193276
422 2794 0.315778 1 0.446239 2211 0.897795 -1 0.243911 1287 0.150907 1 0.153752 0.207606
423 2618 1.86504 1 0.446465 2255 1.95495 1 0.16859 1131 0.575796 1 0.232552 0.200354
424 806 1.23899 1 0.445923 471 0.66047 1 0.146532 929 0.67944 1 0.255225 0.199074
425 2365 0.498602 1 0.444012 2577 0.429232 1 0.194503 1414 1.99109 -1 0.201577 0.210913
426 564 4.25741 1 0.443968 524 1.6931 -1 0.11547 2872 0.472794 1 0.285226 0.201283
427 1152 0.374335 -1 0.447333 1057 0.584884 1 0.321001 1735 0.261565 1 0.080386 0.199845
428 107 0.048947 -1 0.441493 1910 0.211976 -1 0.0403358 2244 4.36397 1 0.367912 0.185608
429 372 1.68285 -1 0.43712 639 0.14179 1 0.362385 1922 0.589436 1 0.0383363 0.201231
430 755 0.578679 1 0.443035 303 1.34865 -1 0.0518089 2378 0.879568 1 0.355836 0.186855
431 2893 0.934586 1 0.446346 677 5.96763 -1 0.27373 1097 0.468614 1 0.123196 0.209145
432 225 0.0712383 -1 0.450041 2106 1.07288e-06 1 0.195496 2819 0.0683255 -1 0.203899 0.203994
433 461 0.312156 1 0.446788 1516 1.09249 1 0.150312 1895 1.6805 1 0.252306 0.197284
434 1089 0.199638 1 0.442058 157 3.20505 -1 0.206831 1618 0.185512 -1 0.196739 0.195306
435 1390 4.77845 -1 0.445838 1482 4.3914 -1 0.0903462 2065 4.6363 1 0.314777 0.192082
436 82 2.46165 1 0.434569 183 1.13502 1 0.280768 812 0.195094 -1 0.108261 0.225696
437 2799 3.97912 -1 0.444942 2038 1.92786 1 0.16968 1728 2.47261 1 0.222151 0.219811
438 151 0.531515 1 0.443771 1471 2.4593 -1 0.316273 2387 0.402822 1 0.0810995 0.208212
439 2211 0.136085 -1 0.43619 1416 0.0153537 1 0.0787243 465 0.329543 1 0.319323 0.206803
440 2996 0.99939 -1 0.445608 2501 0.219269 -1 0.291275 2786 1.26004 1 0.102816 0.215074
441 2707 1.56371 1 0.441424 1372 1.0611 -1 0.231414 2501 0.408529 1 0.166308 0.207483
442 2795 1.56268 1 0.447531 463 0.957504 1 0.234496 239 1.3224 1 0.169398 0.194633
443 1037 1.43648 1 0.448429 817 0.902609 1 0.152809 2981 3.85957 -1 0.228542 0.241909
444 1550 1.00529 -1 0.439465 405 1.97694 1 0.193305 2482 0.787053 1 0.187754 0.242528
445 2482 0.405565 -1 0.440687 2195 2.0776 -1 0.171999 2696 0.0170039 -1 0.215347 0.22924
446 521 1.13785 1 0.438357 1017 1.99377 -1 0.374247 1404 2.2106 1 0.0297946 0.194326
447 1018 0.285709 1 0.431676 1730 2.19783 -1 0.0546422 1732 1.14801 1 0.345517 0.202402
448 1340 1.42564 1 0.439655 2109 0.0251119 1 0.30769 79 3.0749 1 0.0902296 0.20707
449 1737 6.89566 -1 0.429979 268 1.07343 -1 0.0340904 1604 0.165237 1 0.366306 0.201907
450 1143 9.1314 -1 0.442966 1722 1.58428 1 0.330386 2034 1.34637 -1 0.0712595 0.199308
451 262 1.90936 1 0.442742 364 1.14952 1 0.0567577 1911 0.179844 1 0.354234 0.179934
452 544 0.190824 1 0.442607 107 0.275319 -1 0.311151 967 0.241669 -1 0.0890814 0.202249
453 2833 0.44085 -1 0.448265 165 0.647256 1 0.103374 1265 0.0582829 -1 0.291982 0.212427
454 1698 1.54581 1 0.446266 1218 1.04827 -1 0.310154 2892 0.529397 1 0.0909913 0.200348
455 2606 4.16019 1 0.446514 2496 2.9348 1 0.141316 1688 1.94003 -1 0.256791 0.206679
456 1248 4.52222 1 0.437484 2780 1.0686 -1 0.273949 286 0.626692 1 0.122457 0.210233
457 2369 1.30325 -1 0.443501 1016 1.93775 1 0.112602 2734 6.42324 -1 0.29063 0.196007
458 2410 0.664418 1 0.437813 205 0.233928 1 0.333723 2418 0.855495 1 0.063516 0.208492
459 37 0.286402 1 0.438567 34 0.792575 -1 0.0835232 248 1.20624 1 0.315174 0.205448
460 2290 2.04245 -1 0.444202 1009 0.658075 1 0.245594 1052 0.0310745 -1 0.147176 0.217843
461 2174 0.990588 -1 0.446533 1080 0.297767 1 0.16779 518 0.508687 1 0.23142 0.204378
462 1552 0.676806 1 0.437141 159 0.599286 1 0.348995 1216 1.3607 1 0.0508579 0.203038
463 2121 0.838319 1 0.437532 601 10.7142 -1 0.0781389 661 0.304657 1 0.319238 0.208203
464 987 1.55454 -1 0.442529 1321 5.03018 -1 0.278296 734 0.663703 1 0.118533 0.209349
465 2064 0.0435915 -1 0.445354 2538 3.17254 -1 0.118816 757 0.376425 -1 0.280962 0.203195
466 2597 0.877553 1 0.444126 1412 0.638881 1 0.186824 2279 0.154683 1 0.212922 0.20326
467 2810 0.343407 1 0.438334 2382 0.386904 -1 0.318227 2649 0.30647 1 0.0806273 0.205121
468 2745 0.097536 -1 0.440616 728 0.216637 1 0.0845315 645 1.7998 1 0.319348 0.194664
469 1460 2.66022 -1 0.442403 974 0.010727 1 0.304829 1416 0.0803223 -1 0.0752273 0.244654
470 1475 0.779675 1 0.44035 577 1.10908 1 0.077043 2047 0.842636 1 0.324895 0.198698
471 121 4.29027 -1 0.442452 749 1.19165 -1 0.344147 2241 1.26279 1 0.0597162 0.194697
472 2961 1.41466 1 0.444384 2809 0.743359 -1 0.111614 2625 2.39309 1 0.281259 0.217626
473 292 0.942261 1 0.443886 554 0.9008 -1 0.363239 1015 0.143104 1 0.0407749 0.194383
474 639 0.332829 1 0.449186 2803 0.942061 1 0.195913 2268 0.723534 1 0.207062 0.196541
475 2536 2.78539 -1 0.446842 435 1.53276 -1 0.186236 866 0.962372 -1 0.215136 0.199876
476 1718 1.12014 1 0.452097 2649 0.262388 -1 0.27948 362 0.752146 1 0.122214 0.199206
477 1352 0.298689 1 0.448128 408 1.01272 1 0.278377 2367 1.93681 -1 0.119355 0.207461
478 1297 2.19774 1 0.446687 276 1.17998 -1 0.124121 2636 0.685976 1 0.269842 0.215342
479 451 0.616995 1 0.44937 2146 0.212048 -1 0.306776 16 0.0231256 -1 0.0973402 0.194171
480 2854 1.60045 -1 0.440715 1407 0.703719 1 0.166979 1071 0.26573 -1 0.229113 0.210887
481 1915 1.45061 1 0.444895 2557 0.42415 1 0.180182 900 0.219646 -1 0.224658 0.19267
482 2162 1.1598 1 0.446201 15 2.53414 -1 0.209957 2501 0.0923567 -1 0.195126 0.192165
483 1959 0.103894 1 0.441653 337 0.495351 1 0.0900207 2806 0.0300632 -1 0.316727 0.188712
484 2344 0.828663 1 0.435091 820 1.22017 -1 0.294411 249 1.59182 1 0.100697 0.212945
485 134 4.06249 -1 0.449622 2882 7.85384 1 0.235587 1682 0.0575088 -1 0.156798 0.21865
486 1832 0.126574 -1 0.450532 387 0.552173 -1 0.070315 1520 1.89714 -1 0.340769 0.179742
487 1250 0.72766 1 0.445108 2898 1.09985 1 0.271138 2122 0.45759 1 0.127112 0.206381
488 2736 0.274069 -1 0.44357 2804 0.329015 1 0.224177 220 0.469839 -1 0.17453 0.205428
489 2375 0.230216 -1 0.453877 2114 0.955207 1 0.33985 984 1.42257 1 0.0689343 0.184498
490 610 1.39494 -1 0.428535 31 2.79135 1 0.0365819 329 1.92214 -1 0.35363 0.223211
491 2295 1.31082 1 0.442805 2176 0.973244 1 0.255808 425 1.40423 1 0.136307 0.219215
492 2007 1.32496 -1 0.446341 18 1.2905 1 0.161933 2153 0.327787 1 0.241726 0.195121
493 2699 0.466143 1 0.44871 980 0.300315 1 0.293307 787 3.17875 -1 0.104732 0.20682
494 1677 0.163847 1 0.444288 2421 3.14817 -1 0.0838133 2584 1.07009 1 0.316787 0.201482
495 1825 0.474785 -1 0.442455 1633 0.10786 1 0.267213 1786 0.0602875 -1 0.112701 0.244956
496 2257 0.190969 -1 0.44235 1526 2.05757 -1 0.0740863 87 0.901887 -1 0.328782 0.196764
497 418 0.300281 -1 0.442723 1165 0.205906 1 0.292383 526 0.234773 -1 0.0942373 0.23077
498 32 0.288641 1 0.443906 325 0.560442 -1 0.124025 1702 0.474137 1 0.279348 0.195716
499 1390 5.71325 -1 0.438241 1718 0.700025 1 0.241013 1193 0.554634 1 0.148663 0.224338
500 1959 0.0527325 -1 0.44888 1251 0.434754 -1 0.214661 161 0.70835 1 0.190346 0.192323
501 2810 0.588788 1 0.447251 1632 3.38295 -1 0.244478 411 0.622366 -1 0.160421 0.192547
502 1328 0.845346 1 0.435949 959 3.02517 -1 0.0956179 2241 1.36797 1 0.308993 0.193145
503 1746 0.428476 1 0.434663 622 0.215621 1 0.270689 2303 0.258011 1 0.11636 0.229867
504 154 0.134942 -1 0.44842 302 0.0926561 1 0.225451 2293 1.42218 -1 0.173223 0.205495
505 2678 0.474854 1 0.441123 2106 0.42035 -1 0.235851 79 1.39089 -1 0.160021 0.211347
506 131 1.24643 -1 0.445803 815 1.16526 1 0.22888 1287 0.0322151 -1 0.16497 0.215579
507 2402 0.614474 -1 0.447197 1446 1.17677 1 0.171111 590 0.57738 1 0.220659 0.219939
508 2985 0.210253 1 0.4459 2915 4.41765 -1 0.245991 1225 0.322686 1 0.160065 0.190147
509 1241 0.372584 1 0.445298 2225 0.329494 1 0.25281 1704 0.415701 -1 0.149402 0.19813
510 2725 1.25519 1 0.447207 729 1.64585 1 0.25978 679 1.60192 1 0.137182 0.209069
511 1704 3.22388 1 0.442494 2502 1.05312 1 0.0837479 1015 0.161032 1 0.320768 0.193341
512 1067 0.214664 -1 0.435804 2724 0.63349 1 0.280271 1733 0.0597575 -1 0.108436 0.226376
513 1759 0.297678 1 0.446711 1500 0.642347 1 0.112729 2176 1.25201 1 0.293485 0.18982
514 1889 1.04539 -1 0.439621 2109 0.0201822 1 0.330478 1368 7.9945 1 0.0700006 0.201736
515 2872 0.34304 1 0.440206 826 1.97157 -1 0.0965893 1664 0.0830543 -1 0.304302 0.200877
516 900 0.598311 -1 0.446857 1691 0.410348 1 0.226193 1402 4.62364 1 0.171328 0.207903
517 962 2.46565 1 0.440484 1458 0.236908 -1 0.205444 2417 0.161602 -1 0.192158 0.207734
518 1970 0.285692 1 0.450423 2579 0.34977 -1 0.200652 1792 0.706006 1 0.202424 0.196332
519 1608 0.674572 1 0.446928 1706 2.71222 1 0.157992 2009 4.02522 -1 0.240782 0.205288
520 518 0.45508 1 0.44369 1080 1.16021 -1 0.0368574 2893 1.9626 1 0.373408 0.181435
521 581 0.240281 1 0.440798 1632 3.38071 -1 0.36774 1846 0.0417039 -1 0.0351204 0.196781
522 1352 1.11403 1 0.431849 2145 4.35478 1 0.0415206 2918 0.105481 -1 0.361034 0.197417
523 1362 2.02915 1 0.449986 2578 0.520871 1 0.230768 19 0.527904 1 0.174081 0.19265
524 1573 0.658688 -1 0.449892 1427 0.620392 1 0.188993 1420 1.15629 -1 0.213405 0.197742
525 2306 0.536066 1 0.446515 2850 0.678156 1 0.232102 2735 0.0456338 -1 0.170834 0.196623
526 661 0.151285 1 0.443551 2626 4.70757 -1 0.0922815 1018 0.304855 1 0.313468 0.190783
527 981 0.0893974 -1 0.439453 2050 1.01888 1 0.291222 752 0.0945404 -1 0.0998001 0.22151
528 262 1.93024 1 0.440989 1965 1.61363 -1 0.0484392 719 0.728069 1 0.358121 0.189102
529 1502 0.437852 1 0.433259 921 6.54139 -1 0.267254 1373 1.43981 -1 0.129029 0.210489
530 1608 0.674572 1 0.445591 1608 0.707272 -1 0.163058 543 3.75658 -1 0.240375 0.195591
531 2082 1.02082 1 0.443042 1513 2.11032 1 0.235627 2214 4.80221 -1 0.165233 0.200941
532 2410 1.30011 1 0.449261 1338 0.110424 1 0.19356 657 0.571839 1 0.212129 0.190909
533 1557 2.0166 -1 0.450651 2805 5.5465 1 0.185964 1967 0.253894 -1 0.221024 0.188216
534 2080 2.82627 1 0.450487 821 4.21358 -1 0.120072 1265 0.0849323 -1 0.285121 0.191938
535 2493 1.00744 1 0.44868 1500 0.699461 -1 0.261273 2110 0.502659 1 0.143221 0.193387
536 1598 1.45996 -1 0.442145 740 1.46469 1 0.0975074 893 1.22268 1 0.300394 0.207109
537 1379 1.47601 1 0.440887 914 0.624682 1 0.186221 1989 1.56788 1 0.211899 0.206652
538 2776 0.0373726 1 0.441424 1140 9.08765 -1 0.323244 900 0.335951 -1 0.0784973 0.199108
539 38 2.78446 1 0.444155 992 0.0625947 1 0.104569 2878 0.618653 1 0.298764 0.195798
540 518 0.155843 1 0.453375 1086 8.96373 -1 0.299039 1631 1.0959 1 0.109447 0.185114
541 830 1.23836 1 0.439998 2347 0.639169 1 0.0661825 1380 0.469247 1 0.333994 0.202364
542 2280 0.661995 1 0.443163 1576 1.01428 -1 0.234313 2030 0.244572 1 0.160663 0.213221
543 2803 1.31485 -1 0.447708 2795 0.99336 1 0.236315 2909 2.10389 1 0.163973 0.202132
544 297 0.350406 1 0.450623 63 2.11405 -1 0.165379 146 0.502945 1 0.238582 0.194494
545 1530 0.54371 -1 0.450721 2 0.274168 1 0.218942 2456 4.2448 1 0.182978 0.198736
546 2496 3.06866 -1 0.450203 991 0.494706 1 0.235931 1520 1.88617 -1 0.169644 0.191145
547 797 0.082514 -1 0.451181 193 0.539463 1 0.241086 2768 1.91228 -1 0.153442 0.214158
548 2270 0.166631 1 0.437373 1016 2.00217 1 0.223185 2619 0.210865 1 0.168121 0.220914
549 925 4.00299 -1 0.44433 1454 1.07461 -1 0.176084 2288 1.38347 1 0.226141 0.198101
550 952 1.01478 1 0.447151 2360 0.957203 1 0.199652 1144 0.72456 1 0.189184 0.226105
551 188 0.529454 1 0.441301 2653 0.0911629 -1 0.0870302 2203 0.0931129 -1 0.319219 0.189746
552 2307 6.6018 -1 0.444221 810 0.848618 1 0.285666 2026 0.106183 1 0.116003 0.199258
553 1379 1.52716 1 0.446412 1938 4.2268 -1 0.160729 1868 5.81849 -1 0.245583 0.189615
554 322 0.455802 1 0.444291 2385 0.513305 -1 0.28383 2724 1.60249 1 0.117855 0.199224
555 2642 1.30368 -1 0.44851 1355 0.696578 1 0.168386 2047 0.852806 1 0.231952 0.20203
556 2251 2.7697 1 0.446207 2376 0.197141 -1 0.29868 2248 0.286129 1 0.105869 0.193272
557 1390 4.89194 -1 0.450288 1406 0.1319 1 0.107883 1070 0.61835 1 0.298382 0.189713
558 2983 11.1586 1 0.443381 2657 0.456325 1 0.239297 1583 1.10723 1 0.161238 0.201619
559 677 4.54615 -1 0.451767 2199 0.258781 -1 0.100661 2819 0.59034 1 0.309592 0.18146
560 2349 0.661622 1 0.439799 2782 2.26373 -1 0.355843 2118 2.39238 1 0.0425958 0.205988
561 1118 0.0252198 -1 0.440703 2722 0.438072 1 0.021281 130 1.091 -1 0.392625 0.173921
562 26 0.78367 1 0.447383 438 0.882071 -1 0.313086 2245 4.57606 -1 0.0909382 0.194362
563 2692 1.17555 1 0.454565 355 0.522929 1 0.274932 2736 0.150335 -1 0.129257 0.19402
564 2290 1.9072 -1 0.45378 596 0.199874 1 0.189719 1228 5.04128 1 0.210505 0.202268
565 2214 6.517 -1 0.449013 2541 0.688613 1 0.27382 1260 1.2251 -1 0.131137 0.192425
566 239 1.47163 1 0.452613 2723 0.119549 1 0.0876683 2559 0.0228543 -1 0.322029 0.182608
567 2788 2.22909 1 0.434824 806 0.48519 1 0.386909 307 1.24341 1 0.0166657 0.195296
568 441 0.0572338 -1 0.438127 2951 0.700706 1 0.0408982 2872 0.485313 1 0.358844 0.203269
569 2900 0.185852 -1 0.442527 521 1.1378 1 0.243884 1187 0.443251 1 0.156486 0.201962
570 2179 1.15582 1 0.447161 1684 0.0627403 1 0.155595 1199 0.0374622 -1 0.248542 0.194129
571 1986 0.598433 -1 0.452519 701 0.312054 1 0.209472 1959 0.114424 1 0.197015 0.189253
572 2694 0.791805 -1 0.450162 211 0.270028 1 0.251853 634 0.522948 -1 0.146776 0.205591
573 203 0.262279 1 0.439726 1030 0.255153 1 0.0576499 1102 1.48825 1 0.344976 0.197269
574 1014 2.19705 -1 0.448613 405 1.9079 1 0.342317 167 1.92448 1 0.0656034 0.186285
575 1526 1.94375 -1 0.429335 2912 1.11923 1 0.110218 1392 1.52193 1 0.277676 0.228087
576 1458 0.100784 -1 0.448935 2060 0.2438 1 0.149057 343 0.0609852 -1 0.251568 0.20143
577 282 0.970356 1 0.442023 1111 0.812614 1 0.314102 1151 5.24276 -1 0.0865189 0.20144
578 2379 1.70015 1 0.430835 1940 0.715257 -1 0.104615 929 0.830422 1 0.295391 0.20272
579 639 0.288872 1 0.447281 1562 3.09206 -1 0.238104 1572 0.230686 1 0.163687 0.199005
580 1165 0.444913 1 0.441245 2519 4.50177 -1 0.164536 1999 0.39434 1 0.23386 0.206077
581 2679 0.20884 -1 0.448299 2310 0.539259 1 0.22746 535 0.0881186 -1 0.178609 0.190119
582 2503 0.546759 1 0.450953 2601 0.543592 -1 0.128082 137 0.0825916 -1 0.276463 0.193281
583 193 0.930459 1 0.44573 2618 0.922903 1 0.230099 1910 0.167555 1 0.165368 0.212195
584 1732 1.04142 1 0.43849 1746 0.155191 1 0.0667661 1957 0.271225 1 0.337787 0.193265
585 2725 1.27625 1 0.440909 2398 1.09862 -1 0.260789 2378 0.879568 1 0.142496 0.195898
586 1037 1.44808 1 0.450972 2296 2.61329 1 0.138087 1067 0.084435 -1 0.264812 0.196702
587 627 2.0435 -1 0.440925 2627 0.0202528 1 0.21362 1423 2.69769 -1 0.181881 0.212125
588 405 2.06069 1 0.436678 2434 0.978868 1 0.246013 2246 0.104205 -1 0.145181 0.221149
589 610 1.49427 -1 0.437215 728 0.956846 -1 0.157991 938 2.92721 -1 0.228143 0.231796
590 1774 2.98843 1 0.443094 1119 0.149686 1 0.238255 2825 0.762458 1 0.161733 0.202759
591 630 0.463088 1 0.444336 886 4.47506 -1 0.247699 2386 4.57716 -1 0.147759 0.212213
592 2782 1.39432 1 0.447822 2422 0.524459 -1 0.155769 2110 0.490471 1 0.242715 0.205893
593 2662 0.807311 1 0.446933 786 0.253754 1 0.292811 2062 1.93068 -1 0.116555 0.183293
594 2569 0.511961 -1 0.444009 1516 0.59003 1 0.103444 1092 1.19061 1 0.301978 0.19146
595 2157 0.454554 -1 0.444615 801 1.71565 -1 0.220273 1255 0.233767 -1 0.175871 0.210779
596 2625 1.95355 1 0.442321 54 0.86799 1 0.165216 1442 0.128444 -1 0.235292 0.201675
597 1997 1.0143 1 0.450218 2087 0.348245 -1 0.156452 806 1.24418 1 0.243592 0.202641
598 2586 2.45504 1 0.450791 2822 2.78593 -1 0.153358 1312 1.20697 1 0.246071 0.203923
599 1003 0.457441 1 0.449937 996 2.95096 1 0.0822099 1312 0.784691 -1 0.323147 0.191596
600 240 4.15375 1 0.449884 1144 1.07063 -1 0.229475 610 1.44571 -1 0.170901 0.20195
601 1779 1.24159 1 0.447284 419 7.70448 -1 0.0193297 399 3.57225 1 0.397613 0.167668
602 268 1.02367 -1 0.443471 725 0.0702486 1 0.281867 126 2.71481 1 0.121404 0.195927
603 40 7.36904 -1 0.447838 1470 0.200232 1 0.126122 1782 1.70976 -1 0.273636 0.203237
604 2724 1.26878 1 0.446664 837 1.85487 1 0.18788 306 1.69934 1 0.205319 0.216943
605 1286 0.882176 1 0.452364 1890 0.539059 -1 0.221407 1134 0.626997 1 0.18474 0.189958
606 1948 4.18346 -1 0.450878 1612 3.74155 -1 0.229779 937 0.199643 -1 0.167098 0.209248
607 1612 3.09626 1 0.448339 1513 2.1979 1 0.205717 2286 3.09519 1 0.195017 0.201203
608 346 1.00027 -1 0.438091 636 1.58019 -1 0.200182 405 2.25993 1 0.193627 0.215666
609 657 0.632418 1 0.444293 1485 0.897596 -1 0.032355 37 0.318994 1 0.381301 0.174436
610 2361 2.1931 -1 0.444124 1100 9.84816 -1 0.339071 637 0.726038 1 0.0656715 0.192871
611 876 1.7434 1 0.436649 718 2.20829 -1 0.00205748 1382 1.23928 1 0.415209 0.167003
612 2286 3.23854 -1 0.443768 393 0.647757 1 0.352117 1319 2.14147 -1 0.0514932 0.195222
613 2980 3.94117 -1 0.438359 2590 0.864091 1 0.144663 2475 0.424057 -1 0.256092 0.20116
614 647 1.74885 1 0.451774 851 1.20006 1 0.230482 1343 0.760252 1 0.170709 0.200253
615 1968 0.149978 -1 0.444104 569 0.237281 1 0.145088 2417 0.26718 -1 0.245841 0.221703
616 1685 1.32576 1 0.432575 1276 0.441366 1 0.319172 1347 0.431781 -1 0.0777869 0.209075
617 62 1.37097 1 0.446931 1053 1.25819 -1 0.1316 1569 0.236328 -1 0.27306 0.193041
618 2646 0.591571 1 0.450243 2938 2.11069 -1 0.30304 2592 1.28271 -1 0.0955055 0.205765
619 871 1.50715 1 0.441283 1412 0.456784 1 0.100635 270 0.79481 1 0.297546 0.206525
620 1509 0.953896 -1 0.43962 466 0.521503 1 0.316025 634 0.493575 -1 0.0826232 0.20555
621 900 0.278758 -1 0.446746 1691 0.410019 1 0.0732119 2478 0.487328 1 0.332729 0.190385
622 2914 0.361264 -1 0.44176 1471 2.7241 -1 0.334937 302 0.496227 1 0.0638121 0.205339
623 2120 0.246075 -1 0.452602 1073 0.850439 1 0.241062 1015 0.0541603 -1 0.166129 0.187795
624 2597 0.888237 1 0.445326 1385 0.318758 -1 0.182538 1225 0.252943 1 0.220117 0.197207
625 2214 6.517 -1 0.452075 2913 0.636614 1 0.270613 1892 0.247352 -1 0.135819 0.189366
626 1911 0.0572014 -1 0.449683 1753 0.0616741 1 0.102548 1457 0.0629141 -1 0.303727 0.189693
627 1393 0.456877 1 0.442162 1455 0.674723 1 0.393131 1457 0.0794768 -1 0.015506 0.184802
628 1291 1.58625 -1 0.42948 181 0.351321 1 0.0550734 1777 0.54987 1 0.345127 0.202315
629 2830 0.606174 1 0.449351 2410 0.665475 1 0.360717 559 0.0500135 -1 0.0510249 0.178385
630 100 0.450409 1 0.448957 2782 0.824359 1 0.103113 2871 0.138688 -1 0.302044 0.192011
631 408 1.02526 1 0.450798 344 0.356939 1 0.254627 1390 4.675 -1 0.14226 0.209228
632 1526 1.94419 -1 0.442539 832 0.9564 1 0.112758 2599 0.968868 -1 0.282688 0.212238
633 2463 4.06848 1 0.444166 2145 4.34234 1 0.231454 2136 2.15785 -1 0.163567 0.213128
634 2325 12.2881 -1 0.451653 1526 2.15603 -1 0.255754 2700 6.87233 1 0.140184 0.211211
635 2269 2.76056 1 0.444217 1340 0.89057 1 0.0679111 324 0.880371 1 0.340412 0.18545
636 810 1.30606 1 0.447766 1850 0.204903 1 0.202999 2050 1.91506 1 0.201699 0.192964
637 670 0.768001 -1 0.448094 2382 0.311779 -1 0.138021 2645 0.0329108 -1 0.265717 0.194957
638 82 2.49091 1 0.444218 1111 1.20114 1 0.280355 40 6.55986 -1 0.111692 0.219358
639 1412 1.28726 1 0.445356 1102 0.578577 1 0.0587985 2073 2.17025 -1 0.350564 0.183301
640 2025 0.755866 1 0.446468 1156 0.428272 -1 0.248924 1871 1.03622 1 0.148532 0.208039
641 933 0.341012 1 0.440615 334 7.34157 1 0.25605 1109 0.57338 1 0.139066 0.21293
642 964 0.177778 -1 0.445484 2349 0.725749 1 0.1672 557 0.160701 1 0.233661 0.200938
643 71 0.707401 1 0.441394 569 0.142126 1 0.194439 229 2.18243 -1 0.207533 0.198627
644 1752 0.18025 -1 0.443276 1718 0.828062 1 0.255549 526 0.242122 -1 0.145981 0.199546
645 163 2.0356 -1 0.447353 688 0.174802 1 0.0866615 2724 2.07795 1 0.319092 0.190775
646 2037 0.876374 1 0.440137 2631 6.72337 -1 0.347056 2450 1.13634 -1 0.0496398 0.209626
647 2446 1.11731 1 0.436795 1638 0.378854 1 0.0426121 610 1.40527 -1 0.36074 0.195759
648 405 1.97694 1 0.434082 2222 1.90153 1 0.34044 1637 0.554217 1 0.0557835 0.210612
649 2767 0.155881 -1 0.448988 2596 3.78239 1 0.101297 1189 0.469383 -1 0.306619 0.186294
650 2307 6.67925 -1 0.435222 1821 2.45711 -1 0.28789 2327 4.50089 1 0.105983 0.215531
651 2306 0.646633 1 0.44092 2784 0.444665 1 0.165001 1837 0.70673 1 0.230622 0.211867
652 2942 1.32238 -1 0.443776 1312 0.518376 1 0.265691 356 2.04281 1 0.135862 0.199499
653 1080 0.566935 1 0.449333 1746 0.326155 1 0.116068 2328 0.099514 -1 0.288759 0.192695
654 872 2.00442 1 0.447584 298 1.60253 -1 0.255955 1343 0.961363 1 0.147032 0.196518
655 2604 0.852518 1 0.452802 2642 1.52413 -1 0.301161 352 0.476437 1 0.0975724 0.205373
656 1552 0.80855 1 0.447244 2205 6.61323 -1 0.117887 1294 0.110888 -1 0.287834 0.190843
657 1643 0.785969 1 0.443394 704 1.88039 -1 0.251134 1883 0.317849 1 0.146073 0.208557
658 2408 0.67937 -1 0.448671 18 1.30731 1 0.207768 1033 0.459713 1 0.195568 0.195793
659 1873 0.589697 1 0.443628 503 0.830588 1 0.28506 1993 0.713924 1 0.117763 0.196858
660 2 0.471361 1 0.444356 304 0.237245 -1 0.199207 445 1.37022 -1 0.200888 0.202536
661 1846 0.086948 -1 0.449731 965 0.386139 1 0.121755 1434 1.01762 1 0.274219 0.211134
662 384 0.717357 -1 0.44492 2298 0.530186 1 0.224366 318 0.371106 1 0.170399 0.213661
663 1733 0.162866 -1 0.447623 266 0.291386 -1 0.24853 108 0.256972 1 0.154144 0.197168
664 1941 1.13138 1 0.440043 2758 0.197244 1 0.0378487 2670 0.949907 1 0.368797 0.188926
665 2850 1.91179 -1 0.443054 2062 0.8839 1 0.365519 1213 1.2164 1 0.0419329 0.187254
666 98 0.45016 1 0.435732 2209 0.28473 1 0.0168476 1048 0.316324 -1 0.39229 0.183767
667 405 2.13325 1 0.4458 2082 1.00709 1 0.189909 2631 5.85952 -1 0.208421 0.206215
668 1155 0.0668473 -1 0.444808 71 0.427256 1 0.113102 472 0.849987 1 0.284713 0.20729
669 1346 0.22192 -1 0.442564 2699 0.409991 1 0.313102 2685 0.143417 -1 0.0894815 0.197357
670 124 1.12629 -1 0.446494 1111 0.952969 1 0.138525 2228 1.19887 -1 0.263524 0.198467
671 507 7.92507 1 0.451163 2087 0.233581 -1 0.30662 1868 6.12988 -1 0.0959954 0.197289
672 453 0.402897 1 0.445695 1854 1.05767 1 0.322683 2696 0.26238 1 0.0835524 0.189775
673 810 1.99152 1 0.439495 211 1.13283 -1 0.0760385 1911 0.226493 1 0.327328 0.195729
674 226 0.489271 1 0.443033 1902 0.203425 -1 0.316762 24 0.454503 -1 0.0863448 0.196269
675 2647 0.911747 1 0.449513 1460 3.04004 -1 0.190337 2503 0.64175 1 0.210822 0.200318
676 251 1.7468 1 0.450459 516 0.449178 1 0.102412 483 1.22335 1 0.301058 0.195513
677 1357 0.942104 1 0.442654 639 0.14179 1 0.301486 2378 0.751283 1 0.0985085 0.202744
678 1238 0.0223842 -1 0.439746 1251 0.430408 -1 0.0581198 2577 2.46993 1 0.347987 0.190042
679 2640 0.644931 -1 0.440968 1697 2.90189 1 0.313709 2420 0.683491 1 0.0836233 0.208296
680 1890 0.497795 -1 0.437026 1728 2.17728 -1 0.16474 762 0.0946892 -1 0.225603 0.222935
681 2025 0.766527 1 0.444241 1416 0.312273 -1 0.244634 514 1.44007 1 0.151678 0.210427
682 1976 0.404733 1 0.442348 2814 0.192762 -1 0.0415212 1521 0.51099 1 0.364909 0.189371
683 346 0.962113 1 0.431207 2493 0.741028 1 0.311586 10 1.46071 -1 0.0789223 0.222587
684 874 0.169108 -1 0.435131 1873 0.577926 1 0.0903627 2354 0.908456 1 0.309185 0.203674
685 2578 1.04146 -1 0.448677 1014 2.18553 -1 0.278484 2636 0.194375 -1 0.127583 0.190124
686 2912 1.86669 -1 0.450351 1262 0.242551 1 0.245434 1444 0.0713129 -1 0.147776 0.216919
687 1959 0.103894 1 0.440857 2983 12.1301 -1 0.0937847 469 0.665944 1 0.308627 0.197713
688 69 0.585107 1 0.446064 2821 2.87169 1 0.372927 389 0.960479 -1 0.0332084 0.189982
689 1422 0.951538 -1 0.431289 2082 0.949154 1 0.0627667 866 0.953363 -1 0.327355 0.223401
690 2115 5.19378 1 0.436315 796 0.537086 1 0.30723 1102 1.48862 1 0.0897237 0.209086
691 58 0.279806 -1 0.447151 969 1.09586 1 0.254014 1940 1.44035 1 0.144122 0.206618
692 236 0.0416374 -1 0.444563 2470 0.222555 -1 0.133768 2305 0.056149 -1 0.26626 0.202674
693 1838 0.672877 1 0.446689 367 0.269814 1 0.23109 816 0.372177 1 0.177326 0.185258
694 2768 1.88113 -1 0.451914 2117 0.484245 1 0.108941 2415 1.82943 -1 0.300347 0.183455
695 988 2.01418 1 0.446833 2381 0.963336 1 0.259073 2001 0.0618267 -1 0.137488 0.209907
696 2629 0.261656 -1 0.452272 1287 0.00309658 1 0.182249 2465 0.152718 -1 0.212409 0.213886
697 858 0.0281811 -1 0.441479 1227 0.0302234 1 0.0708797 645 1.7998 1 0.329835 0.201245
698 610 1.58916 -1 0.440969 1251 0.0476017 1 0.314256 98 0.0257514 -1 0.0856858 0.202854
699 18 1.41976 1 0.447703 2827 0.5266 1 0.175538 1413 0.850164 1 0.215069 0.222381
700 1550 1.0083 -1 0.441814 900 0.670032 -1 0.200769 363 1.38765 1 0.193349 0.215017
701 388 6.13071 -1 0.448222 2349 1.00374 1 0.15219 1343 1.0843 1 0.251243 0.195592
702 1809 0.348694 1 0.44704 1877 1.04436 -1 0.246443 2595 1.42992 1 0.148821 0.21262
703 682 0.723713 1 0.443955 2850 2.08663 -1 0.131639 1570 2.46867 1 0.270186 0.198934
704 2051 0.20555 1 0.447651 2051 0.557942 -1 0.275689 616 0.0275755 -1 0.123829 0.203737
705 1389 3.26611 1 0.440943 1513 2.22563 1 0.0632706 518 0.455686 1 0.342628 0.190473
706 2922 7.11172 -1 0.437903 770 0.837338 1 0.3341 890 0.043 -1 0.0612793 0.212377
707 2345 1.62077 1 0.443564 193 0.533121 1 0.0345995 1935 0.217987 -1 0.378106 0.176396
708 1752 0.0758946 1 0.442856 2590 0.601207 1 0.332999 2858 0.5085 1 0.0745908 0.186968
709 222 0.0224266 -1 0.438457 1777 0.0258093 1 0.0544213 2027 0.906363 -1 0.348533 0.196586
710 399 2.68854 1 0.445675 2114 0.983818 1 0.224781 2977 0.675805 1 0.17057 0.212437
711 2157 0.433681 -1 0.431211 584 2.12044 1 0.190133 2632 1.01368 -1 0.201657 0.219896
712 2219 1.52304 1 0.452258 403 1.04411 -1 0.14643 2619 0.224618 1 0.259186 0.191059
713 2469 2.02078 -1 0.44515 1632 3.38943 -1 0.254666 1554 5.96966 1 0.137262 0.219607
714 194 1.74562 -1 0.439335 2868 0.504315 1 0.0631914 2639 0.0309883 -1 0.33745 0.201397
715 2724 1.00047 1 0.452457 2725 1.02242 1 0.278201 1694 0.398844 1 0.126759 0.19242
716 1097 0.509929 1 0.443381 1097 0.738435 -1 0.0671209 2954 1.88523 -1 0.341158 0.185543
717 405 2.10042 1 0.444465 1890 0.551746 -1 0.215514 1016 2.11044 1 0.178715 0.214784
718 2481 1.35044 -1 0.435867 405 1.9079 1 0.182499 647 1.91299 1 0.212681 0.212794
719 1363 0.664487 -1 0.436507 2127 0.0507014 1 0.148036 2296 3.58302 1 0.242092 0.223386
720 458 11.4068 -1 0.441741 238 0.200275 1 0.19128 719 0.563931 1 0.201664 0.217477
721 445 1.93136 -1 0.44176 224 0.173453 1 0.184442 2238 0.259391 1 0.213938 0.206111
722 2958 0.506938 -1 0.443079 1895 0.605076 1 0.170883 2545 0.46616 -1 0.232757 0.195161
723 2707 1.66551 1 0.438495 1746 0.41181 1 0.197654 1719 0.503755 1 0.193098 0.222076
724 1289 0.89644 1 0.445126 278 1.08298 1 0.29843 2593 1.10016 1 0.104087 0.197494
725 929 0.503418 1 0.433289 991 0.493413 1 0.0633866 871 2.04192 1 0.333213 0.209826
726 2344 0.944061 1 0.445112 499 0.168201 1 0.279442 2981 3.11547 -1 0.129114 0.18497
727 1696 0.577564 1 0.445583 2228 1.53903 -1 0.0696859 1165 0.606527 1 0.329653 0.20411
728 2020 1.07505 1 0.441862 1367 3.61963 1 0.30699 956 1.0818 1 0.0938688 0.200943
729 1288 0.776953 -1 0.442942 947 2.36332 -1 0.176366 526 0.228354 -1 0.218988 0.212431
730 2730 8.25357 -1 0.445461 2776 0.10031 -1 0.117541 484 3.10179 1 0.286199 0.194954
731 103 2.0216 1 0.445587 134 4.05973 -1 0.255004 319 1.07932 -1 0.142484 0.207972
732 2750 3.88942 1 0.435865 1588 8.99392 -1 0.322255 1232 0.881235 1 0.0678335 0.22347
733 1455 1.20107 1 0.43852 266 0.134913 -1 0.0978416 661 0.204896 1 0.302653 0.201702
734 26 0.825162 1 0.447024 301 0.785975 1 0.303408 509 1.63676 1 0.096958 0.20197
735 71 0.822522 1 0.444428 1864 0.421604 1 0.14818 2941 0.768078 1 0.258765 0.188304
736 957 0.211241 1 0.449311 1168 11.7989 -1 0.351744 2259 1.28881 1 0.0481382 0.202978
737 1823 1.034 -1 0.445457 1367 4.72156 -1 0.229629 700 6.11728 1 0.171195 0.201018
738 2052 0.987089 1 0.444535 1601 1.49099 1 0.177725 645 1.42543 -1 0.224525 0.198051
739 2930 0.642811 -1 0.450053 35 0.320009 1 0.213269 816 0.164079 -1 0.187955 0.200185
740 1319 2.77226 1 0.448186 173 1.08987 1 0.20719 1390 4.63306 -1 0.196458 0.195143
741 1206 0.244838 -1 0.45097 1260 1.38575 1 0.215827 465 0.0722666 -1 0.181328 0.208668
742 548 0.269099 1 0.445063 2985 0.104455 1 0.283088 441 0.391603 1 0.110149 0.216864
743 889 0.957109 -1 0.443397 1405 1.49956 -1 0.205876 84 6.53927 1 0.182629 0.2268
744 1890 0.497795 -1 0.44469 23 1.29201 1 0.170917 654 0.0277176 -1 0.229639 0.201573
745 2777 0.357989 1 0.442851 2491 0.365492 1 0.223049 1142 0.432732 1 0.175411 0.205944
746 1702 0.193412 -1 0.447214 2745 0.327521 -1 0.128139 1883 0.29599 1 0.270548 0.20547
747 1250 0.813285 1 0.448164 2103 3.97356 -1 0.2396 2856 0.191172 -1 0.159181 0.205274
748 1033 0.445938 1 0.443062 1466 2.93182 -1 0.0753578 1754 1.1902 1 0.322324 0.207567
749 2110 0.141069 -1 0.450012 37 0.0350665 1 0.103716 441 0.0589478 -1 0.296403 0.202486
750 1873 0.573537 1 0.441437 344 0.359418 1 0.290787 1144 1.35628 1 0.106566 0.208254
751 2243 0.385999 -1 0.443847 1513 2.11032 1 0.15761 1832 0.112007 -1 0.244825 0.197665
752 225 0.120593 -1 0.442143 1276 0.381251 1 0.285514 2031 0.241669 -1 0.105799 0.220897
753 2819 0.585137 1 0.427927 1447 0.448345 -1 0.0182574 2160 0.0995979 -1 0.379431 0.207553
754 2029 0.332485 -1 0.454853 54 1.05729 1 0.184763 203 0.268708 1 0.218242 0.196479
755 1721 1.0243 -1 0.449401 1207 1.07928 -1 0.219364 107 0.0376297 -1 0.178235 0.207739
756 405 2.13916 1 0.448897 1520 2.47103 -1 0.182351 1749 0.0288968 -1 0.216236 0.205679
757 1606 0.991297 -1 0.448185 1658 0.784824 -1 0.16303 1159 1.85034 1 0.234449 0.207991
758 1983 1.03947 1 0.446384 2963 1.42211 1 0.182727 702 0.209342 1 0.213827 0.209921
759 2604 0.746136 1 0.445681 1746 0.208731 1 0.344755 166 1.05779 -1 0.0633268 0.18595
760 2489 0.319539 1 0.44049 2354 0.285429 1 0.0204828 2937 0.888945 1 0.390041 0.1809
761 1042 0.186574 1 0.43677 793 12.6898 -1 0.382023 2583 1.38195 -1 0.0229299 0.192435
762 1566 0.0365944 -1 0.442848 1937 0.530209 1 0.0630045 2176 1.23949 1 0.33902 0.198519
763 1009 0.368423 1 0.437377 225 4.05312e-06 1 0.384695 2267 0.59399 1 0.0161054 0.201065
764 1023 0.237913 -1 0.431578 785 0.169058 1 0.129348 2735 0.45545 1 0.264073 0.216477
765 2696 0.0901874 -1 0.4467 2924 0.510399 1 0.206919 2428 0.0565919 -1 0.182661 0.224539
766 2540 1.26544 1 0.452731 2914 0.321532 -1 0.253496 2143 0.0934662 -1 0.151768 0.19179
767 1379 1.54018 1 0.451712 507 9.85701 -1 0.153647 2009 3.92483 -1 0.251592 0.191841
768 12 4.52491 1 0.444412 2890 2.40757 -1 0.264056 1270 0.167738 -1 0.127846 0.219663
769 1044 1.32126 -1 0.444824 1606 1.08771 -1 0.129926 610 1.3991 -1 0.279043 0.184116
770 1219 0.788682 1 0.451323 2101 0.0490999 1 0.282451 49 1.21683 -1 0.130833 0.175203
771 1225 0.252943 1 0.445408 1568 0.15876 1 0.0498729 2118 2.37539 1 0.361598 0.178945
772 2556 0.19128 -1 0.448639 620 0.375377 -1 0.288045 581 0.637438 1 0.117896 0.190384
773 2859 1.07326 -1 0.452391 1139 0.312213 1 0.205241 1825 1.33386 1 0.196833 0.198415
774 26 0.775642 1 0.446734 1685 1.33784 1 0.324737 1380 0.457673 1 0.0857099 0.181058
775 681 0.0586171 -1 0.452835 957 0.197444 1 0.181605 2892 0.531837 1 0.22898 0.180773
776 2706 1.49135 1 0.451116 1054 0.350045 -1 0.213754 130 1.14836 -1 0.182222 0.21113
777 32 0.293664 1 0.453349 433 0.343351 -1 0.114229 2872 0.333758 1 0.287371 0.199403
778 534 0.378126 -1 0.448037 165 0.813887 1 0.246593 1495 0.51229 -1 0.154212 0.201055
779 1976 0.30386 1 0.452843 265 1.20946 -1 0.0968552 1692 0.580739 1 0.294856 0.220062
780 1047 2.31393 -1 0.4379 2657 0.450836 1 0.379003 2584 0.046648 -1 0.0238059 0.196887
781 2721 0.0181351 -1 0.434992 419 5.13682 1 0.0308208 751 0.142277 1 0.376871 0.186757
782 886 4.44854 -1 0.446234 2035 1.2938 -1 0.35812 876 0.0637455 -1 0.047932 0.190156
783 1846 0.248568 1 0.449168 2143 0.297126 -1 0.0755759 2379 2.14086 1 0.331936 0.18713
784 2234 1.14027 -1 0.439562 124 0.615296 1 0.302561 1720 0.903035 1 0.0891807 0.219999
785 1099 1.14898 1 0.445774 2965 0.216621 1 0.0446328 2271 0.0464458 -1 0.36337 0.186115
786 296 0.876495 -1 0.441269 1562 0.609327 1 0.300266 352 0.464928 1 0.0987759 0.20473
787 674 0.47813 1 0.438705 1675 0.819363 1 0.0598411 167 2.09357 1 0.342468 0.197927
788 2365 0.495977 1 0.443156 952 0.968089 1 0.19673 2602 0.646477 1 0.204368 0.200447
789 2596 3.99682 -1 0.445937 1649 1.97634 1 0.179783 2331 1.2897 -1 0.219862 0.203472
790 2803 0.598423 1 0.43881 2474 1.15366 -1 0.362363 312 2.7435 -1 0.0405338 0.196704
791 1791 0.299398 1 0.44294 2603 0.367935 1 0.0181497 1023 1.41337 1 0.398805 0.167643
792 1035 0.973182 -1 0.44092 1230 0.796665 1 0.283799 2902 0.119816 -1 0.115217 0.204783
793 1520 1.89714 -1 0.443988 1456 0.564072 1 0.0832877 92 0.766615 -1 0.324896 0.185738
794 499 0.245564 1 0.44227 1593 2.63149 1 0.352802 638 0.324242 1 0.0536205 0.189387
795 2507 4.01098 -1 0.445476 1632 3.20787 -1 0.180175 469 0.748259 1 0.214458 0.213938
796 1362 2.03196 1 0.443945 2158 1.68934 1 0.222474 441 0.0786583 -1 0.173688 0.210742
797 2228 1.38314 -1 0.447352 2025 0.678242 1 0.209526 613 0.040524 -1 0.190473 0.202736
798 397 2.84897 -1 0.447932 713 2.43157 1 0.265286 2466 1.5523 1 0.137827 0.196257
799 2749 1.52557 1 0.448939 2464 0.493875 -1 0.215507 2600 2.46614 -1 0.184615 0.202478
800 1340 1.66818 1 0.448379 1678 1.53119 -1 0.243639 785 0.442804 1 0.159588 0.196017
801 1778 0.059875 -1 0.444914 926 0.176498 1 0.0789016 1400 0.0314317 -1 0.323512 0.19771
802 2774 0.585246 1 0.444633 553 1.75759 -1 0.321444 98 0.280945 1 0.0792192 0.20135
803 1108 0.100585 -1 0.435993 2124 1.71018 -1 0.0637697 464 0.0663471 -1 0.33793 0.199194
804 836 0.717347 1 0.440891 453 0.351159 1 0.292273 2027 1.12434 -1 0.106228 0.205856
805 2233 1.24673 1 0.441474 766 0.388524 1 0.111552 270 0.661539 1 0.282714 0.214707
806 2533 0.478523 1 0.437134 777 0.787354 1 0.369418 1996 0.625299 -1 0.0338016 0.196033
807 2632 1.30569 -1 0.435127 1022 3.78176 1 0.099123 2355 0.472248 1 0.302034 0.200324
808 1327 6.80405 -1 0.437844 1980 0.492664 1 0.301339 2796 1.12936 1 0.0970816 0.206024
809 2570 0.507994 -1 0.445202 2203 0.175628 1 0.178094 424 0.176109 1 0.221678 0.203208
810 1034 2.22807 1 0.448753 1232 0.447379 1 0.26153 1188 0.917384 -1 0.144762 0.189658
811 1460 2.09072 -1 0.442192 2410 0.49727 1 0.17216 2047 0.829399 1 0.221478 0.216023
812 309 2.93418 -1 0.449841 2398 1.03142 -1 0.140825 2961 1.4196 1 0.261234 0.198446
813 830 1.12392 1 0.446394 486 0.233631 -1 0.0928065 2892 0.483062 1 0.310948 0.194923
814 2502 1.30727 1 0.448957 810 0.89047 1 0.28094 2142 3.34633 -1 0.124955 0.190481
815 2136 2.76582 -1 0.446001 2054 0.0220052 1 0.196947 2159 0.0675726 -1 0.193682 0.222333
816 299 6.61536 1 0.448465 1722 2.37733 -1 0.144867 1999 0.477337 1 0.260442 0.191695
817 1014 2.18701 -1 0.438034 405 1.90829 1 0.320199 1801 0.0516328 -1 0.076206 0.210234
818 1419 0.293206 1 0.445274 1335 0.367151 -1 0.0931255 1291 1.72182 -1 0.311421 0.193279
819 2244 0.888099 1 0.45271 1316 1.46984 -1 0.308981 555 0.360203 -1 0.0988491 0.186472
820 794 0.852866 1 0.450035 209 3.31968 -1 0.0821312 881 0.1713 -1 0.325437 0.187014
821 399 2.66832 1 0.434022 747 0.359199 1 0.222723 2372 0.490168 1 0.165346 0.227717
822 581 0.524721 1 0.448886 61 0.286167 1 0.203851 1732 1.13674 1 0.196655 0.201679
823 2027 1.17814 -1 0.450572 2493 0.6715 1 0.152436 661 0.211969 1 0.24759 0.202678
824 2347 0.528301 1 0.445304 2398 1.07232 -1 0.366274 1863 5.01581 1 0.0393892 0.190961
825 2004 2.73111 1 0.441534 225 0.107085 -1 0.166147 1425 1.39747 1 0.227033 0.216981
826 1612 2.75304 1 0.4488 1855 0.412104 1 0.251865 78 5.01669 -1 0.14926 0.200391
827 2725 1.50977 1 0.447537 2951 0.814178 1 0.172095 971 2.39855 -1 0.225566 0.207611
828 1846 0.0926178 -1 0.443878 291 0.600537 1 0.13574 674 0.500883 1 0.265635 0.19987
829 46 1.35569 -1 0.446653 2836 4.18265 -1 0.218955 2259 1.35821 1 0.178451 0.208142
830 405 2.03734 1 0.443148 10 1.49269 1 0.27884 906 5.16287 1 0.116653 0.212139
831 610 1.52917 -1 0.436844 2341 0.212137 1 0.219205 706 1.96086 -1 0.167046 0.231549
832 2434 1.03086 1 0.448684 1736 2.65924 1 0.190458 900 0.333434 -1 0.205233 0.211728
833 2162 1.15974 1 0.448332 1067 0.255277 -1 0.212971 2591 0.130512 -1 0.191625 0.193174
834 2707 1.72463 1 0.450304 2349 0.815555 1 0.191346 446 0.987764 -1 0.210019 0.199891
835 1131 0.57581 1 0.451555 981 0.0830288 -1 0.111298 2241 0.174607 -1 0.296725 0.186072
836 2234 1.06121 -1 0.443776 815 1.17361 1 0.294006 1287 0.0106905 -1 0.104196 0.206481
837 836 1.68026 1 0.450382 1427 0.663918 1 0.108074 685 0.144399 -1 0.305362 0.174889
838 1842 1.41002 -1 0.438875 1632 3.33556 -1 0.332107 2766 0.668946 -1 0.0591432 0.22103
839 1911 0.226308 1 0.439679 2246 0.425299 -1 0.0234911 294 0.144479 1 0.386535 0.181929
840 2514 0.576811 1 0.444729 2421 1.08687 1 0.294055 398 4.25542 -1 0.110056 0.194181
841 980 0.508065 1 0.44803 1249 1.48289 1 0.237277 1570 2.01243 -1 0.162139 0.20395
842 2157 0.379701 -1 0.442345 1718 1.12002 1 0.146021 2592 1.25271 -1 0.24601 0.219391
843 1206 0.3118 -1 0.449184 2131 0.54358 1 0.281787 654 0.018786 -1 0.121692 0.195494
844 2728 0.121954 -1 0.449875 379 0.0874068 1 0.167735 1467 1.59801 1 0.237243 0.192384
845 1537 2.99739 -1 0.448353 2868 0.351827 1 0.276494 641 1.48097 1 0.128961 0.191392
846 2696 0.249116 1 0.438847 2687 0.992045 -1 0.0443584 276 0.281115 -1 0.362845 0.18777
847 1088 0.817536 1 0.442435 1207 1.06434 -1 0.236904 360 1.26235 1 0.162318 0.204355
848 2328 0.116508 -1 0.447963 2903 0.155252 1 0.0824069 2594 2.37269 1 0.323472 0.190514
849 1133 1.24013 1 0.435476 1037 1.3051 1 0.309452 2402 0.471122 -1 0.0830395 0.218426
850 132 3.91064 -1 0.440341 1253 0.961681 1 0.11228 2625 2.39933 1 0.288651 0.200794
851 1465 1.75005 -1 0.440465 652 0.693634 1 0.326561 508 0.565733 1 0.0756639 0.198101
852 2489 0.316956 1 0.438104 2892 0.205878 1 0.019449 2417 0.247342 -1 0.388794 0.185617
853 2912 1.12478 1 0.440142 61 0.132517 1 0.330591 2166 4.32408 1 0.0734386 0.19435
854 610 1.39532 -1 0.436138 31 2.75863 1 0.0355905 2075 0.693443 1 0.369166 0.192842
855 173 0.980742 1 0.442584 1684 0.280651 -1 0.33497 1118 0.323642 1 0.0684063 0.195709
856 569 0.327689 1 0.452676 1730 2.07832 -1 0.21648 1778 0.0594063 -1 0.194117 0.180748
857 1035 0.732499 -1 0.449111 1091 0.35157 1 0.198996 2451 0.253189 -1 0.206277 0.191771
858 370 0.682877 -1 0.445961 1786 0.00210905 1 0.314164 232 0.604491 1 0.0825981 0.209488
859 1018 0.286681 1 0.431785 2898 1.4952 1 0.0556284 1260 1.66974 1 0.338166 0.215696
860 672 8.81042 -1 0.441284 2349 0.70536 1 0.281607 1077 0.33337 1 0.119619 0.200178
861 2917 0.687553 1 0.451908 2870 0.150234 1 0.142173 351 0.210742 -1 0.260224 0.197742
862 1921 0.298823 -1 0.450292 1873 0.406645 1 0.263641 579 0.954422 -1 0.140785 0.193528
863 940 2.19802 1 0.450126 1963 2.19601 -1 0.202015 759 0.951078 1 0.194475 0.210056
864 2248 0.156215 -1 0.450163 2325 11.6271 1 0.218228 518 0.429909 1 0.184517 0.19702
865 2389 0.713266 1 0.442291 2870 0.358339 -1 0.323788 2017 0.402195 -1 0.0752073 0.204827
866 2028 0.73468 1 0.447402 1588 9.05457 -1 0.154638 2118 2.43764 1 0.24766 0.197948
867 2476 0.411334 -1 0.436544 1347 1.46196 -1 0.253561 368 0.753946 1 0.140054 0.216072
868 604 0.133058 1 0.440229 304 0.208485 -1 0.193455 2932 2.1159 1 0.20938 0.196834
869 2795 1.14296 1 0.447717 838 0.497169 1 0.323765 1419 0.236392 1 0.0789711 0.197039
870 1688 1.98298 -1 0.439941 961 5.75033 -1 0.128746 861 1.83279 -1 0.272701 0.199721
871 2699 0.409991 1 0.433067 68 2.53676 -1 0.318375 2429 0.097975 1 0.0770632 0.212254
872 2214 5.38936 -1 0.441079 674 0.150292 1 0.108535 320 1.18321 -1 0.288449 0.209024
873 1712 2.89698 1 0.44529 1841 0.86661 1 0.213315 2851 0.674186 -1 0.186059 0.204037
874 1144 0.725941 1 0.447061 2275 2.12919 -1 0.149138 1957 0.252058 1 0.253811 0.196597
875 1037 1.37588 1 0.440985 2 0.238056 1 0.248184 283 3.36793 1 0.14752 0.211698
876 2408 0.67526 -1 0.433956 610 1.53541 -1 0.196831 822 0.0866733 -1 0.1986 0.212271
877 1082 0.578355 1 0.446621 680 0.412631 -1 0.273494 2525 0.612869 1 0.131478 0.192395
878 1177 1.01209 1 0.447559 20 1.55355 1 0.169888 1814 5.70124 -1 0.242962 0.176097
879 2631 5.98161 1 0.45165 1814 6.64647 -1 0.292949 1704 0.483676 -1 0.11155 0.193377
880 594 0.633356 -1 0.439814 630 0.518299 1 0.0929766 2503 0.640532 1 0.309232 0.198136
881 1263 2.91637 -1 0.443585 2124 2.71369 -1 0.26603 1458 0.086566 -1 0.131451 0.207986
882 546 1.16127 1 0.441682 214 4.06973 1 0.0306201 891 2.59242 -1 0.381359 0.177895
883 2498 3.03715 1 0.443458 447 0.782567 1 0.146494 2116 0.069479 -1 0.249718 0.210637
884 2872 0.321521 1 0.442883 259 0.797943 1 0.117472 2111 3.47029 1 0.278541 0.211053
885 1446 1.18546 1 0.446512 2795 1.13081 1 0.338575 1803 0.152496 -1 0.0694654 0.186037
886 2942 0.997551 -1 0.442544 1949 0.680614 1 0.113795 2038 2.29688 1 0.28982 0.195213
887 2119 4.14607 -1 0.441317 285 0.654158 1 0.26358 1197 2.98163 -1 0.13489 0.205924
888 1998 0.445855 1 0.44354 1830 1.55464 -1 0.319052 2665 0.285922 1 0.0846875 0.194954
889 2489 0.21537 1 0.442033 452 0.558071 1 0.0740711 1108 0.0889737 -1 0.329415 0.19548
890 626 8.74858 -1 0.448635 2707 0.700542 1 0.283359 1586 0.219571 -1 0.120853 0.193971
891 2429 0.0371835 -1 0.43923 2744 1.48123 -1 0.0952382 1119 1.154 1 0.300741 0.211124
892 1910 0.111752 1 0.441903 127 0.956042 1 0.263383 1590 0.0250549 -1 0.136978 0.201982
893 2384 2.01658 -1 0.450292 1880 0.12681 1 0.190793 363 1.64545 1 0.217203 0.186129
894 1438 0.592268 1 0.443253 2453 1.9198 1 0.181587 929 0.640737 1 0.210889 0.218457
895 1945 5.82391 -1 0.446338 2557 1.62127 -1 0.228911 2544 0.252598 -1 0.165316 0.21479
896 850 0.338593 1 0.444464 1111 1.25535 1 0.129955 250 0.944158 -1 0.27398 0.194548
897 1643 0.507617 1 0.43508 2631 6.92729 -1 0.358714 717 2.05024 -1 0.0433082 0.198524
898 1962 1.42201 1 0.435719 2398 1.09258 -1 0.118236 2189 0.714726 1 0.271921 0.223326
899 830 0.537335 1 0.443805 2470 0.340701 -1 0.357837 2925 1.4821 1 0.0512483 0.183874
900 661 0.149662 1 0.437699 2503 0.326161 1 0.101906 514 1.4427 1 0.294188 0.210883
901 2481 1.36821 -1 0.445445 1037 1.30977 1 0.218758 1400 0.0407252 -1 0.178587 0.208271
902 806 1.23899 1 0.445245 2243 0.678363 -1 0.138632 1719 0.438921 1 0.257586 0.210625
903 2388 1.30414 -1 0.439618 2347 0.517805 1 0.326524 836 1.73192 1 0.0725743 0.204612
904 1976 0.335879 1 0.435635 890 0.194024 -1 0.0693915 2863 0.0551178 -1 0.323812 0.216932
905 2120 0.257085 -1 0.44514 2963 1.42078 1 0.244469 2944 3.9038 -1 0.14823 0.217992
906 2074 1.07891 1 0.450834 346 0.945684 1 0.242032 1128 1.3264 -1 0.159033 0.200515
907 262 1.91117 1 0.436677 1407 2.07076 -1 0.0545236 2244 4.41306 1 0.344821 0.204098
908 2353 6.21661 -1 0.444077 974 0.00472593 1 0.324322 137 0.078397 -1 0.0671845 0.220492
909 152 0.526732 1 0.43846 2340 1.41561 -1 0.0782122 166 1.0569 -1 0.321646 0.203027
910 1766 0.25212 -1 0.442393 810 0.667022 1 0.315668 1623 0.464916 -1 0.0854399 0.200425
911 1696 0.592546 1 0.444608 1499 2.86718 -1 0.0758359 1634 0.290693 1 0.332361 0.185712
912 2918 0.162122 -1 0.451559 2476 0.206528 1 0.131301 2871 0.158927 -1 0.270098 0.199818
913 2776 0.102354 -1 0.441022 1501 0.83133 -1 0.293034 465 0.271719 1 0.106132 0.204471
914 1097 0.5711 1 0.445459 1067 0.216305 -1 0.0351542 225 0.0196088 -1 0.376819 0.177908
915 2251 2.68086 1 0.441238 1367 3.65188 1 0.311976 2418 0.57406 1 0.0900888 0.198435
916 1131 0.571747 1 0.441031 839 0.589218 1 0.118807 1963 1.55526 -1 0.280769 0.203616
917 1546 0.550847 1 0.449981 679 0.499974 1 0.282502 2472 2.83895 -1 0.125379 0.186366
918 2730 8.19241 -1 0.446741 2050 1.18853 1 0.0996088 405 2.21654 1 0.302499 0.198345
919 2988 2.94505 -1 0.440048 2520 0.100087 1 0.127614 1259 4.82623 -1 0.268759 0.210301
920 1133 1.11514 1 0.443048 225 4.05312e-06 1 0.349867 1080 0.62291 1 0.0589802 0.184367
921 810 1.99152 1 0.433993 211 1.05284 -1 0.0796234 2819 0.364851 1 0.319164 0.205261
922 1555 1.38885 1 0.45018 686 0.361952 -1 0.194754 1108 0.0723611 -1 0.210987 0.190801
923 1641 11.0433 -1 0.445169 2025 0.512187 1 0.273455 562 0.340558 -1 0.125496 0.204919
924 2417 0.383964 -1 0.448778 239 0.476807 1 0.15407 2322 1.49801 1 0.245058 0.20455
925 2441 1.19532 -1 0.442394 630 0.354252 1 0.346582 1546 1.25142 1 0.0545184 0.200442
926 2122 0.523304 1 0.442424 1962 1.3069 1 0.121771 1587 0.441163 1 0.277655 0.20393
927 1414 1.9781 -1 0.45056 1647 0.662083 1 0.156683 1848 1.1136 1 0.245334 0.198534
928 1786 0.149368 -1 0.446918 1037 1.5864 -1 0.307579 1716 0.233529 1 0.095078 0.197204
929 1294 0.081461 -1 0.436076 2909 0.214193 1 0.0341496 2872 0.422913 1 0.372947 0.187991
930 1513 2.24503 1 0.441339 2707 1.32898 1 0.260469 795 0.532713 -1 0.134467 0.213305
931 983 0.931923 1 0.448877 2018 0.368526 1 0.278302 2189 0.802196 1 0.1188 0.208778
932 18 1.33721 1 0.4515 2301 2.24536 -1 0.300929 929 0.03368 -1 0.0987328 0.203437
933 2667 0.118598 -1 0.434842 63 0.830534 1 0.0814023 661 0.0140343 -1 0.312947 0.214532
934 180 0.698393 -1 0.442654 2752 1.59947 -1 0.274799 1595 0.0379136 -1 0.122631 0.208093
935 2323 1.41383 1 0.446684 1435 1.47951 -1 0.110036 755 0.601596 1 0.293801 0.194751
936 2163 0.267881 -1 0.428502 2125 0.0798242 1 0.239629 1788 0.364814 -1 0.142741 0.23975
937 2786 1.39022 1 0.444093 1718 0.875838 1 0.0977247 1255 0.169879 -1 0.30458 0.197936
938 1709 0.912268 1 0.448205 62 0.419336 1 0.215832 1594 0.080575 -1 0.191561 0.187375
939 1362 2.03196 1 0.452244 2145 4.40105 1 0.229427 726 1.19833 -1 0.173995 0.195613
940 1632 3.12241 -1 0.435907 838 0.531491 -1 0.25217 942 1.19523 1 0.140537 0.217973
941 969 1.80087 1 0.447595 838 0.497091 1 0.248795 643 0.0376129 -1 0.155412 0.193983
942 1981 0.595551 -1 0.449251 1806 0.000955582 1 0.260491 1745 0.261719 1 0.137239 0.207466
943 1146 0.533453 1 0.441497 2435 0.589424 -1 0.049086 1778 0.0374746 -1 0.359831 0.184223
944 1357 1.05411 1 0.436296 1900 0.361816 -1 0.264283 1415 0.548067 1 0.135824 0.202511
945 851 1.4674 1 0.452981 2421 1.2044 1 0.279099 1514 1.04582 1 0.12879 0.186348
946 2385 0.252965 -1 0.450054 1088 0.518095 1 0.151302 2163 0.0820842 -1 0.253528 0.192691
947 2385 0.369117 1 0.450896 1984 1.1877 -1 0.146248 2635 0.678552 1 0.256641 0.19672
948 639 0.224295 1 0.442019 1562 2.86475 -1 0.311104 2229 3.53191 -1 0.0872204 0.206227
949 75 1.2433 1 0.433025 2361 2.13707 -1 0.0384437 236 0.189556 1 0.363802 0.198059
950 670 1.07884 -1 0.440802 2998 0.438291 1 0.325724 1038 0.299301 1 0.0730853 0.205215
951 2826 0.0282569 -1 0.447875 623 0.530451 1 0.104728 610 1.39532 -1 0.30328 0.186104
952 40 8.47111 -1 0.448895 2145 3.98883 1 0.258835 1537 2.87909 -1 0.144743 0.19529
953 769 4.28688 1 0.449629 2543 2.26703 -1 0.189778 1728 1.60976 -1 0.210522 0.202108
954 2699 0.878061 1 0.449796 916 0.344378 -1 0.0992223 1872 1.5967 1 0.311561 0.180365
955 690 0.459478 -1 0.444598 2073 3.09228 -1 0.298287 799 1.32248 -1 0.105918 0.193987
956 671 0.450581 1 0.44492 1786 0.182933 -1 0.0567484 250 0.946985 -1 0.344658 0.199804
957 1127 0.826775 1 0.43291 1821 2.55955 -1 0.286185 448 0.288688 1 0.100298 0.231059
958 2410 1.14895 1 0.451532 1788 0.745661 -1 0.223528 1467 2.11957 1 0.171736 0.212617
959 2174 0.999515 -1 0.445725 159 0.964451 1 0.170039 717 2.01776 -1 0.223942 0.215302
960 1312 1.05924 1 0.453408 1025 0.233825 -1 0.165731 2597 1.33552 1 0.23917 0.192544
961 842 0.285583 1 0.447186 216 2.23347 -1 0.275419 713 3.33736 1 0.119422 0.213504
962 1281 0.704795 1 0.450216 796 0.574467 1 0.217494 2823 0.173369 -1 0.182432 0.202887
963 69 1.18464 1 0.451116 1532 0.170845 -1 0.145837 108 0.0613031 -1 0.255755 0.199418
964 1292 0.413556 1 0.445559 134 4.26077 -1 0.301956 2101 0.0989628 1 0.10294 0.192553
965 405 2.17781 1 0.443108 742 0.148639 1 0.140135 1868 5.81849 -1 0.258316 0.205962
966 2713 1.97909 -1 0.440153 996 2.82558 1 0.143778 1878 1.58472 1 0.251118 0.213388
967 2772 1.0218 -1 0.447614 1661 0.125146 1 0.289143 1675 1.19213 1 0.111518 0.201357
968 1018 0.323613 1 0.438734 2007 1.46798 -1 0.039958 1287 1.15293 1 0.363566 0.195401
969 921 6.47988 -1 0.435829 752 0.000294685 1 0.386419 2144 2.31449 1 0.0184776 0.192551
970 1382 1.23912 1 0.435307 2547 9.808 -1 0.0136246 2911 0.175495 1 0.396516 0.181692
971 1085 3.89664 1 0.443375 29 0.524722 1 0.318878 1584 1.4783 1 0.0828881 0.199056
972 1351 0.9936 1 0.441512 1416 0.370502 -1 0.0613873 610 1.41503 -1 0.336396 0.207355
973 1762 0.238743 -1 0.445277 1718 0.68383 1 0.266514 2619 0.0383692 -1 0.126073 0.218225
974 2082 1.02082 1 0.452453 945 1.41603 -1 0.247337 465 0.593547 1 0.161652 0.184072
975 2446 1.00167 -1 0.444525 2074 0.720131 1 0.172155 1526 1.96777 -1 0.224205 0.210328
976 1642 0.438862 1 0.447005 2961 1.28516 1 0.20307 1537 2.66223 -1 0.19969 0.196988
977 2837 1.09233 -1 0.445863 2737 0.189887 1 0.0934767 1093 2.50605 -1 0.307916 0.199832
978 2349 0.70536 1 0.428929 136 0.526139 1 0.339453 796 1.79175 1 0.049393 0.226083
979 1155 0.0665326 -1 0.439741 1042 0.186731 1 0.116481 887 1.60865 1 0.276345 0.217725
980 2162 1.14605 1 0.452757 152 0.164656 1 0.213846 1952 0.900406 1 0.191304 0.192025
981 349 0.0611382 -1 0.447645 514 0.676975 1 0.115529 453 0.98227 1 0.282719 0.206385
982 453 0.881925 -1 0.443001 2250 0.038578 1 0.27116 2250 0.0743302 -1 0.133311 0.193436
983 1265 0.102758 -1 0.44551 37 0.0369081 1 0.115542 683 0.136168 -1 0.286183 0.199143
984 2472 3.0042 -1 0.449117 2205 6.74118 -1 0.165156 204 0.100501 1 0.243758 0.184229
985 1962 1.39932 1 0.447473 1953 0.614727 -1 0.151999 2541 1.76459 1 0.248395 0.201912
986 604 0.0667353 1 0.453125 1825 0.481897 -1 0.31699 1287 1.30772 1 0.0806756 0.207601
987 671 0.148741 1 0.437878 1520 2.1803 -1 0.19141 2503 0.863412 1 0.20657 0.206945
988 2418 0.542816 1 0.451167 1471 1.98913 -1 0.221592 2584 0.0540695 -1 0.183195 0.19278
989 2721 0.144741 -1 0.439438 1977 0.700895 1 0.24137 1347 0.356946 -1 0.157461 0.20517
990 1932 0.249485 -1 0.438892 2631 5.94533 1 0.176469 1905 1.29287 1 0.220842 0.208341
991 1073 0.723699 1 0.445214 2938 2.34879 -1 0.292052 1286 1.09267 1 0.106414 0.205932
992 199 0.332319 -1 0.442941 2050 1.21242 1 0.0824037 1967 0.328146 -1 0.317746 0.202422
993 2503 0.546759 1 0.448085 2971 1.91341 1 0.14101 2968 0.378582 1 0.263867 0.192594
994 437 0.134839 1 0.445705 1180 12.3103 -1 0.285553 2670 0.855216 1 0.115142 0.201286
995 197 0.69346 1 0.446445 2131 0.481373 1 0.0972024 2357 0.433337 1 0.30981 0.188166
996 2416 1.24642 1 0.450538 533 0.362386 1 0.258733 1895 1.69007 1 0.141035 0.203215
997 1704 3.15359 1 0.443666 2 0.26749 1 0.0875921 667 0.741515 1 0.316988 0.193208
998 1633 0.588026 -1 0.445362 40 8.66522 -1 0.303083 658 0.446936 1 0.0928118 0.211301
999 637 0.553241 1 0.452419 152 0.301993 1 0.165567 2495 0.107657 -1 0.239829 0.191514
